6092
0 0
10 0
20 0
30 0
40 0
60 0
70 0
80 0
90 0
100 0
50 0
110 0
120 0
130 0
140 0
150 0
170 0
180 0
190 0
200 0
160 0
210 0
220 0
230 0
240 0
250 0
270 0
280 0
290 0
300 0
310 0
260 0
320 0
330 0
340 0
350 0
360 0
380 0
390 0
400 0
410 0
370 0
420 0
430 0
440 0
450 0
460 0
480 0
490 0
500 0
510 0
520 0
470 0
530 0
540 0
550 0
560 0
570 0
590 0
600 0
610 0
620 0
580 0
630 0
640 0
650 0
660 0
670 0
690 0
700 0
710 0
720 0
730 0
680 0
740 0
750 0
760 0
770 0
780 0
800 0
810 0
820 0
830 0
790 0
840 0
850 0
860 0
870 0
880 0
900 0
910 0
920 0
930 0
940 0
890 0
950 0
960 0
970 0
980 0
990 0
1010 0
1020 0
1030 0
1040 0
1000 0
1050 0
1060 0
1070 0
1080 0
1090 0
1110 0
1120 0
1130 0
1140 0
1150 0
1100 0
1160 0
1170 0
1180 0
1190 0
1200 0
1220 0
1230 0
1240 0
1250 0
1210 0
1260 0
1270 0
1280 0
1290 0
1300 0
1320 0
1330 0
1340 0
1350 0
1360 0
1310 0
1370 0
1380 0
1390 0
1400 0
1410 0
1430 0
1440 0
1450 0
1460 0
1420 0
1470 0
1480 0
1490 0
1500 0
1510 0
1530 0
1540 0
1550 0
1560 0
1570 0
1520 0
1580 0
1590 0
1600 0
1610 0
1620 0
1640 0
1650 0
1660 0
1670 0
1630 0
1680 0
1690 0
1700 0
1710 0
1720 0
1740 0
1750 0
1760 0
1770 0
1780 0
1730 0
1790 0
1800 0
1810 0
1820 0
1830 0
1850 0
1860 0
1870 0
1880 0
1840 0
1890 0
1900 0
1910 0
1920 0
1930 0
1950 0
1960 0
1970 0
1980 0
1990 0
1940 0
2000 0
2010 0
2020 0
2030 0
2040 0
2060 0
2070 0
2080 0
2090 0
2050 0
2100 0
2110 0
2120 0
2130 0
2140 0
2160 0
2170 0
2180 0
2190 0
2200 0
2150 0
2210 0
2220 0
2230 0
2240 0
2250 0
2270 0
2280 0
2290 0
2300 0
2260 0
2310 0
2320 0
2330 0
2340 0
2350 0
2370 0
2380 0
2390 0
2400 0
2410 0
2360 0
2420 0
2430 0
2440 0
2450 0
2460 0
2480 0
2490 0
2500 0
2510 0
2470 0
2520 0
2530 0
2540 0
2550 0
2560 0
2580 0
2590 0
2600 0
2610 0
2620 0
2570 0
2630 0
2640 0
2650 0
2660 0
2670 0
2690 0
2700 0
2710 0
2720 0
2680 0
2730 0
2740 0
2750 0
2760 0
2770 0
2790 0
2800 0
2810 0
2820 0
2830 0
2780 0
2840 0
2850 0
2860 0
2870 0
2880 0
2900 0
2910 0
2920 0
2930 0
2890 0
2940 0
2950 0
2960 0
2970 0
2980 0
3000 0
3010 0
3020 0
3030 0
3040 0
2990 0
3050 0
3060 0
3070 0
3080 0
3090 0
3110 0
3120 0
3130 0
3140 0
3100 0
3150 0
3160 0
3170 0
3180 0
3190 0
3210 0
3220 0
3230 0
3240 0
3250 0
3200 0
3260 0
3270 0
3280 0
3290 0
3300 0
3320 0
3330 0
3340 0
3350 0
3310 0
3360 0
3370 0
3380 0
3390 0
3400 0
3420 0
3430 0
3440 0
3450 0
3460 0
3410 0
3470 0
3480 0
3490 0
3500 0
3510 0
3530 0
3540 0
3550 0
3560 0
3520 0
3570 0
3580 0
3590 0
3600 0
3610 0
3630 0
3640 0
3650 0
3660 0
3670 0
3620 0
3680 0
3690 0
3700 0
3710 0
3720 0
3740 0
3750 0
3760 0
3770 0
3730 0
3780 0
3790 0
3800 0
3810 0
3820 0
3840 0
3850 0
3860 0
3870 0
3880 0
3830 0
3890 0
3990 0
3990 10
3990 20
3990 30
3990 40
3990 50
3990 70
3990 60
3990 80
3990 90
3990 100
3990 110
3990 120
3990 130
3990 140
3990 150
3990 170
3990 160
3990 180
3990 190
3990 200
3990 210
3990 220
3990 230
3990 240
3990 250
3990 270
3990 260
3990 280
3990 290
3990 300
3990 310
3990 320
3990 330
3990 340
3990 350
3990 370
3990 360
3990 380
3990 390
3990 400
3990 410
3990 420
3990 430
3990 440
3990 450
3990 470
3990 460
3990 480
3990 490
3990 500
3990 510
3990 520
3990 530
3990 540
3990 550
3990 570
3990 560
3990 580
3990 590
3990 600
3990 610
3990 620
3990 630
3990 640
3990 650
3990 670
3990 660
3990 680
3990 690
3990 700
3990 710
3990 720
3990 730
3990 740
3990 750
3990 770
3990 760
3990 780
3990 790
3990 800
3990 810
3990 820
3990 830
3990 840
3990 850
3990 870
3990 860
3990 880
3990 890
3990 900
3990 910
3990 920
3990 930
3990 940
3990 950
3990 970
3990 960
3990 980
3990 990
3990 1000
3990 1010
3990 1020
3990 1030
3990 1040
3990 1050
3990 1070
3990 1060
3990 1080
3990 1090
3990 1100
3990 1110
3990 1120
3990 1130
3990 1140
3990 1150
3990 1170
3990 1160
3990 1180
3990 1190
3990 1200
3990 1210
3990 1220
3990 1230
3990 1240
3990 1250
3990 1270
3990 1260
3990 1280
3990 1290
3990 1300
3990 1310
3990 1320
3990 1330
3990 1340
3990 1350
3990 1370
3990 1360
3990 1380
3990 1390
3990 1400
3990 1410
3990 1420
3990 1430
3990 1440
3990 1450
3990 1470
3990 1460
3990 1480
3990 1490
3990 1500
3990 1510
3990 1520
3990 1530
3990 1540
3990 1550
3990 1570
3990 1560
3990 1580
3990 1590
3990 1600
3990 1610
3990 1620
3990 1630
3990 1640
3990 1650
3990 1670
3990 1660
3990 1680
3990 1690
3990 1700
3990 1710
3990 1720
3990 1730
3990 1740
3990 1750
3990 1770
3990 1760
3990 1780
3990 1790
3990 1800
3990 1810
3990 1820
3990 1830
3990 1840
3990 1850
3990 1870
3990 1860
3990 1880
3990 1890
3990 1900
3990 1910
3990 1920
3990 1930
3990 1940
3990 1950
3990 1970
3990 1960
3990 1980
3990 1990
3990 2000
3990 2010
3990 2020
3990 2030
3990 2040
3990 2050
3990 2070
3990 2060
3990 2080
3990 2090
3990 2100
3990 2110
3990 2120
3990 2130
3990 2140
3990 2150
3990 2170
3990 2160
3990 2180
3990 2190
3990 2200
3990 2210
3990 2220
3990 2230
3990 2240
3990 2250
3990 2270
3990 2260
3990 2280
3990 2290
3990 2300
3990 2310
3990 2320
3990 2330
3990 2340
3990 2350
3990 2370
3990 2360
3990 2380
3990 2390
3990 2400
3990 2410
3990 2420
3990 2430
3990 2440
3990 2450
3990 2470
3990 2460
3990 2480
3990 2490
3990 2500
3990 2510
3990 2520
3990 2530
3990 2540
3990 2550
3990 2570
3990 2560
3990 2580
3990 2590
3990 2600
3990 2610
3990 2620
3990 2630
3990 2640
3990 2650
3990 2670
3990 2660
3990 2680
3990 2690
3990 2700
3990 2710
3990 2720
3990 2730
3990 2740
3990 2750
3990 2770
3990 2760
3990 2780
3990 2790
3990 2800
3990 2810
3990 2820
3990 2830
3990 2840
3990 2850
3990 2870
3990 2860
3990 2880
3990 2890
3990 2900
3990 2910
3990 2920
3990 2930
3990 2940
3990 2950
3990 2970
3990 2960
3990 2980
3990 2990
3990 3000
3990 3010
3990 3020
3990 3030
3990 3040
3990 3050
3990 3070
3990 3060
3990 3080
3990 3090
3990 3100
3990 3110
3990 3120
3990 3130
3990 3140
3990 3150
3990 3170
3990 3160
3990 3180
3990 3190
3990 3200
3990 3210
3990 3220
3990 3230
3990 3240
3990 3250
3990 3270
3990 3260
3990 3280
3990 3290
3990 3300
3990 3310
3990 3320
3990 3330
3990 3340
3990 3350
3990 3370
3990 3360
3990 3380
3990 3390
3990 3400
3990 3410
3990 3420
3990 3430
3990 3440
3990 3450
3990 3470
3990 3460
3990 3480
3990 3490
3990 3500
3990 3510
3990 3520
3990 3530
3990 3540
3990 3550
3990 3570
3990 3560
3990 3580
3990 3590
3990 3600
3990 3610
3990 3620
3990 3630
3990 3640
3990 3650
3990 3670
3990 3660
3990 3680
3990 3690
3990 3700
3990 3710
3990 3720
3990 3730
3990 3740
3990 3750
3990 3770
3990 3760
3990 3780
3990 3790
3990 3800
3990 3810
3990 3820
3990 3830
3990 3840
3990 3850
3990 3870
3990 3860
3990 3880
3990 3890
3990 3990
3890 3990
3880 3990
3870 3990
3860 3990
3850 3990
3840 3990
3830 3990
3820 3990
3810 3990
3800 3990
3790 3990
3780 3990
3770 3990
3760 3990
3750 3990
3740 3990
3730 3990
3720 3990
3710 3990
3700 3990
3690 3990
3680 3990
3670 3990
3660 3990
3650 3990
3640 3990
3630 3990
3620 3990
3610 3990
3600 3990
3590 3990
3580 3990
3570 3990
3560 3990
3550 3990
3540 3990
3530 3990
3520 3990
3510 3990
3500 3990
3490 3990
3480 3990
3470 3990
3460 3990
3450 3990
3440 3990
3430 3990
3420 3990
3410 3990
3400 3990
3390 3990
3380 3990
3370 3990
3360 3990
3350 3990
3340 3990
3330 3990
3320 3990
3310 3990
3300 3990
3290 3990
3280 3990
3270 3990
3260 3990
3250 3990
3240 3990
3230 3990
3220 3990
3210 3990
3200 3990
3190 3990
3180 3990
3170 3990
3160 3990
3150 3990
3140 3990
3130 3990
3120 3990
3110 3990
3100 3990
3090 3990
3080 3990
3070 3990
3060 3990
3050 3990
3040 3990
3030 3990
3020 3990
3010 3990
3000 3990
2990 3990
2980 3990
2970 3990
2960 3990
2950 3990
2940 3990
2930 3990
2920 3990
2910 3990
2900 3990
2890 3990
2880 3990
2870 3990
2860 3990
2850 3990
2840 3990
2830 3990
2820 3990
2810 3990
2800 3990
2790 3990
2780 3990
2770 3990
2760 3990
2750 3990
2740 3990
2730 3990
2720 3990
2710 3990
2700 3990
2690 3990
2680 3990
2670 3990
2660 3990
2650 3990
2640 3990
2630 3990
2620 3990
2610 3990
2600 3990
2590 3990
2580 3990
2570 3990
2560 3990
2550 3990
2540 3990
2530 3990
2520 3990
2510 3990
2500 3990
2490 3990
2480 3990
2470 3990
2460 3990
2450 3990
2440 3990
2430 3990
2420 3990
2410 3990
2400 3990
2390 3990
2380 3990
2370 3990
2360 3990
2350 3990
2340 3990
2330 3990
2320 3990
2310 3990
2300 3990
2290 3990
2280 3990
2270 3990
2260 3990
2250 3990
2240 3990
2230 3990
2220 3990
2210 3990
2200 3990
2190 3990
2180 3990
2170 3990
2160 3990
2150 3990
2140 3990
2130 3990
2120 3990
2110 3990
2100 3990
2090 3990
2080 3990
2070 3990
2060 3990
2050 3990
2040 3990
2030 3990
2020 3990
2010 3990
2000 3990
1990 3990
1980 3990
1970 3990
1960 3990
1950 3990
1940 3990
1930 3990
1920 3990
1910 3990
1900 3990
1890 3990
1880 3990
1870 3990
1860 3990
1850 3990
1840 3990
1830 3990
1820 3990
1810 3990
1800 3990
1790 3990
1780 3990
1770 3990
1760 3990
1750 3990
1740 3990
1730 3990
1720 3990
1710 3990
1700 3990
1690 3990
1680 3990
1670 3990
1660 3990
1650 3990
1640 3990
1630 3990
1620 3990
1610 3990
1600 3990
1590 3990
1580 3990
1570 3990
1560 3990
1550 3990
1540 3990
1530 3990
1520 3990
1510 3990
1500 3990
1490 3990
1480 3990
1470 3990
1460 3990
1450 3990
1440 3990
1430 3990
1420 3990
1410 3990
1400 3990
1390 3990
1380 3990
1370 3990
1360 3990
1350 3990
1340 3990
1330 3990
1320 3990
1310 3990
1300 3990
1290 3990
1280 3990
1270 3990
1260 3990
1250 3990
1240 3990
1230 3990
1220 3990
1210 3990
1200 3990
1190 3990
1180 3990
1170 3990
1160 3990
1150 3990
1140 3990
1130 3990
1120 3990
1110 3990
1100 3990
1090 3990
1080 3990
1070 3990
1060 3990
1050 3990
1040 3990
1030 3990
1020 3990
1010 3990
1000 3990
990 3990
980 3990
970 3990
960 3990
950 3990
940 3990
930 3990
920 3990
910 3990
900 3990
890 3990
880 3990
870 3990
860 3990
850 3990
840 3990
830 3990
820 3990
810 3990
800 3990
790 3990
780 3990
770 3990
760 3990
750 3990
740 3990
730 3990
720 3990
710 3990
700 3990
690 3990
680 3990
670 3990
660 3990
650 3990
640 3990
630 3990
620 3990
610 3990
600 3990
590 3990
580 3990
570 3990
560 3990
550 3990
540 3990
530 3990
520 3990
510 3990
500 3990
490 3990
480 3990
470 3990
460 3990
450 3990
440 3990
430 3990
420 3990
410 3990
400 3990
390 3990
380 3990
370 3990
360 3990
350 3990
340 3990
330 3990
320 3990
310 3990
300 3990
290 3990
280 3990
270 3990
260 3990
250 3990
240 3990
230 3990
220 3990
210 3990
200 3990
190 3990
180 3990
170 3990
160 3990
150 3990
140 3990
130 3990
120 3990
110 3990
100 3990
90 3990
80 3990
70 3990
60 3990
50 3990
40 3990
30 3990
20 3990
10 3990
0 10
0 20
0 30
0 40
0 50
0 70
0 60
0 80
0 90
0 100
0 110
0 120
0 130
0 140
0 150
0 170
0 160
0 180
0 190
0 200
0 210
0 220
0 230
0 240
0 250
0 270
0 260
0 280
0 290
0 300
0 310
0 320
0 330
0 340
0 350
0 370
0 360
0 380
0 390
0 400
0 410
0 420
0 430
0 440
0 450
0 470
0 460
0 480
0 490
0 500
0 510
0 520
0 530
0 540
0 550
0 570
0 560
0 580
0 590
0 600
0 610
0 620
0 630
0 640
0 650
0 670
0 660
0 680
0 690
0 700
0 710
0 720
0 730
0 740
0 750
0 770
0 760
0 780
0 790
0 800
0 810
0 820
0 830
0 840
0 850
0 870
0 860
0 880
0 890
0 900
0 910
0 920
0 930
0 940
0 950
0 970
0 960
0 980
0 990
0 1000
0 1010
0 1020
0 1030
0 1040
0 1050
0 1070
0 1060
0 1080
0 1090
0 1100
0 1110
0 1120
0 1130
0 1140
0 1150
0 1170
0 1160
0 1180
0 1190
0 1200
0 1210
0 1220
0 1230
0 1240
0 1250
0 1270
0 1260
0 1280
0 1290
0 1300
0 1310
0 1320
0 1330
0 1340
0 1350
0 1370
0 1360
0 1380
0 1390
0 1400
0 1410
0 1420
0 1430
0 1440
0 1450
0 1470
0 1460
0 1480
0 1490
0 1500
0 1510
0 1520
0 1530
0 1540
0 1550
0 1570
0 1560
0 1580
0 1590
0 1600
0 1610
0 1620
0 1630
0 1640
0 1650
0 1670
0 1660
0 1680
0 1690
0 1700
0 1710
0 1720
0 1730
0 1740
0 1750
0 1770
0 1760
0 1780
0 1790
0 1800
0 1810
0 1820
0 1830
0 1840
0 1850
0 1870
0 1860
0 1880
0 1890
0 1900
0 1910
0 1920
0 1930
0 1940
0 1950
0 1970
0 1960
0 1980
0 1990
0 2000
0 2010
0 2020
0 2030
0 2040
0 2050
0 2070
0 2060
0 2080
0 2090
0 2100
0 2110
0 2120
0 2130
0 2140
0 2150
0 2170
0 2160
0 2180
0 2190
0 2200
0 2210
0 2220
0 2230
0 2240
0 2250
0 2270
0 2260
0 2280
0 2290
0 2300
0 2310
0 2320
0 2330
0 2340
0 2350
0 2370
0 2360
0 2380
0 2390
0 2400
0 2410
0 2420
0 2430
0 2440
0 2450
0 2470
0 2460
0 2480
0 2490
0 2500
0 2510
0 2520
0 2530
0 2540
0 2550
0 2570
0 2560
0 2580
0 2590
0 2600
0 2610
0 2620
0 2630
0 2640
0 2650
0 2670
0 2660
0 2680
0 2690
0 2700
0 2710
0 2720
0 2730
0 2740
0 2750
0 2770
0 2760
0 2780
0 2790
0 2800
0 2810
0 2820
0 2830
0 2840
0 2850
0 2870
0 2860
0 2880
0 2890
0 2900
0 2910
0 2920
0 2930
0 2940
0 2950
0 2970
0 2960
0 2980
0 2990
0 3000
0 3010
0 3020
0 3030
0 3040
0 3050
0 3070
0 3060
0 3080
0 3090
0 3100
0 3110
0 3120
0 3130
0 3140
0 3150
0 3170
0 3160
0 3180
0 3190
0 3200
0 3210
0 3220
0 3230
0 3240
0 3250
0 3270
0 3260
0 3280
0 3290
0 3300
0 3310
0 3320
0 3330
0 3340
0 3350
0 3370
0 3360
0 3380
0 3390
0 3400
0 3410
0 3420
0 3430
0 3440
0 3450
0 3470
0 3460
0 3480
0 3490
0 3500
0 3510
0 3520
0 3530
0 3540
0 3550
0 3570
0 3560
0 3580
0 3590
0 3600
0 3610
0 3620
0 3630
0 3640
0 3650
0 3670
0 3660
0 3680
0 3690
0 3700
0 3710
0 3720
0 3730
0 3740
0 3750
0 3770
0 3760
0 3780
0 3790
0 3800
0 3810
0 3820
0 3830
0 3840
0 3850
0 3870
0 3860
0 3880
0 3890
0 3990
1390 2200
1390 2210
1390 2220
1390 2230
1390 2240
1390 2250
1390 2270
1390 2260
1390 2280
1390 2290
1390 2300
1390 2310
1390 2320
1390 2330
1390 2340
1390 2350
1390 2370
1390 2360
1390 2380
1390 2390
1390 2400
1390 2410
1390 2420
1390 2430
1390 2440
1390 2450
1390 2470
1390 2460
1390 2480
1390 2490
1390 2500
1390 2510
1390 2520
1390 2530
1390 2540
1390 2550
1390 2570
1390 2560
1390 2580
1390 2590
1390 2600
1390 2610
1390 2620
1390 2630
1390 2640
1390 2650
1390 2670
1390 2660
1390 2680
1390 2690
1390 2700
1390 2710
1390 2720
1390 2730
1390 2740
1390 2750
1390 2770
1390 2760
1390 2780
1390 2790
1390 2800
1390 2810
1390 2820
1390 2830
1390 2840
1390 2850
1390 2870
1390 2860
1390 2880
1390 2890
1390 2900
1390 2910
1390 2920
1390 2930
1390 2940
1390 2950
1390 2970
1390 2960
1390 2980
1390 2990
1390 3000
1390 3010
1390 3020
1390 3030
1390 3040
1390 3050
1390 3070
1390 3060
1390 3080
1390 3090
1390 3100
1390 3110
1390 3120
1390 3130
1390 3140
1390 3150
1390 3170
1390 3160
1390 3180
1390 3190
1390 3200
1390 3210
1390 3220
1390 3230
1390 3240
1390 3250
1390 3270
1390 3260
1390 3280
1390 3290
1390 3300
1390 3310
1390 3320
1390 3330
1390 3340
1390 3350
1390 3370
1390 3360
1390 3380
1390 3390
1390 3400
1390 3410
1390 3420
1390 3430
1390 3440
1390 3450
1390 3470
1390 3460
1390 3480
1390 3490
1390 3500
1390 3510
1390 3520
1390 3530
1390 3540
1390 3550
1390 3570
1390 3560
1390 3580
1390 3590
1390 3600
1390 3610
1390 3620
1390 3630
1390 3640
1390 3650
1390 3670
1390 3660
1390 3680
1390 3690
1390 3700
1390 3710
1390 3720
1390 3730
1390 3740
1390 3750
1390 3770
1390 3760
1390 3780
1390 3790
1390 3800
1390 3810
1390 3820
1390 3830
1390 3840
1390 3850
1390 3870
1390 3860
1390 3880
1390 3890
2700 1210
2700 1220
2700 1230
2700 1240
2700 1250
2700 1260
2700 1280
2700 1270
2700 1290
2700 1300
2700 1310
2700 1320
2700 1330
2700 1340
2700 1350
2700 1360
2700 1380
2700 1370
2700 1390
2700 1400
2700 1410
2700 1420
2700 1430
2700 1440
2700 1450
2700 1460
2700 1480
2700 1470
2700 1490
2700 1500
2700 1510
2700 1520
2700 1530
2700 1540
2700 1550
2700 1560
2700 1580
2700 1570
2700 1590
2700 1600
2700 1610
2700 1620
2700 1630
2700 1640
2700 1650
2700 1660
2700 1680
2700 1670
2700 1690
2700 1700
2700 1710
2700 1720
2700 1730
2700 1740
2700 1750
2700 1760
2700 1780
2700 1770
2700 1790
2700 1800
2700 1810
2700 1820
2700 1830
2700 1840
2700 1850
2700 1860
2700 1880
2700 1870
2700 1890
2700 1900
2700 1910
2700 1920
2700 1930
2700 1940
2700 1950
2700 1960
2700 1980
2700 1970
2700 1990
2700 2000
2700 2010
2700 2020
2700 2030
2700 2040
2700 2050
2700 2060
2700 2080
2700 2070
2700 2090
2700 2100
2700 2110
2700 2120
2700 2130
2700 2140
2700 2150
2700 2160
2700 2180
2700 2170
2700 2190
2700 2200
2700 2210
2700 2220
2700 2230
2700 2240
2700 2250
2700 2260
2700 2280
2700 2270
2700 2290
2700 2300
2700 2310
2700 2320
2700 2330
2700 2340
2700 2350
2700 2360
2700 2380
2700 2370
2700 2390
2700 2400
2700 2410
2700 2420
2700 2430
2700 2440
2700 2450
2700 2460
2700 2480
2700 2470
2700 2490
2700 2500
2700 2510
2700 2520
2700 2530
2700 2540
2700 2550
2700 2560
2700 2580
2700 2570
2700 2590
2700 2600
2700 2610
2700 2620
2700 2630
2700 2640
2700 2650
2700 2660
2700 2680
2700 2670
2700 2690
2700 2700
2700 2710
2700 2720
2700 2730
2700 2740
2700 2750
2700 2760
2700 2780
2700 2770
2700 2790
2700 2800
2700 2810
2700 2820
2700 2830
2700 2840
2700 2850
2700 2860
2700 2880
2700 2870
2700 2890
2700 2900
2700 2910
2700 2920
2700 2930
2700 2940
2700 2950
2700 2960
2700 2970
2700 2980
2700 2990
2700 3010
2700 3000
10 1210
20 1210
30 1210
40 1210
60 1210
70 1210
80 1210
90 1210
100 1210
50 1210
110 1210
120 1210
130 1210
140 1210
150 1210
170 1210
180 1210
190 1210
200 1210
160 1210
210 1210
220 1210
230 1210
240 1210
250 1210
270 1210
280 1210
290 1210
300 1210
310 1210
260 1210
320 1210
330 1210
340 1210
350 1210
360 1210
380 1210
390 1210
400 1210
410 1210
370 1210
420 1210
430 1210
440 1210
450 1210
460 1210
480 1210
490 1210
500 1210
510 1210
520 1210
470 1210
530 1210
540 1210
550 1210
560 1210
570 1210
590 1210
600 1210
610 1210
620 1210
580 1210
630 1210
640 1210
650 1210
660 1210
670 1210
690 1210
700 1210
710 1210
720 1210
730 1210
680 1210
740 1210
750 1210
760 1210
770 1210
780 1210
800 1210
810 1210
820 1210
830 1210
790 1210
840 1210
850 1210
860 1210
870 1210
880 1210
900 1210
910 1210
920 1210
930 1210
940 1210
890 1210
950 1210
960 1210
970 1210
980 1210
990 1210
1010 1210
1020 1210
1030 1210
1040 1210
1000 1210
1050 1210
1060 1210
1070 1210
1080 1210
1090 1210
1110 1210
1120 1210
1130 1210
1140 1210
1150 1210
1100 1210
1160 1210
1170 1210
1180 1210
1190 1210
1200 1210
1220 1210
1230 1210
1240 1210
1250 1210
1210 1210
1260 1210
1270 1210
1280 1210
1290 1210
1300 1210
1320 1210
1330 1210
1340 1210
1350 1210
1360 1210
1310 1210
1370 1210
1380 1210
1390 1210
1400 1210
1410 1210
1430 1210
1440 1210
1450 1210
1460 1210
1420 1210
1470 1210
1480 1210
1490 1210
1500 1210
1510 1210
1530 1210
1540 1210
1550 1210
1560 1210
1570 1210
1520 1210
1580 1210
1590 1210
1600 1210
1610 1210
1620 1210
1640 1210
1650 1210
1660 1210
1670 1210
1630 1210
1680 1210
1690 1210
1700 1210
1710 1210
1720 1210
1740 1210
1750 1210
1760 1210
1770 1210
1780 1210
1730 1210
1790 1210
1800 1210
1810 1210
1820 1210
1830 1210
1850 1210
1860 1210
1870 1210
1880 1210
1840 1210
1890 1210
1900 1210
1910 1210
1920 1210
1930 1210
1950 1210
1960 1210
1970 1210
1980 1210
1990 1210
1940 1210
2000 1210
2010 1210
2020 1210
2030 1210
2040 1210
2060 1210
2070 1210
2080 1210
2090 1210
2050 1210
2100 1210
2110 1210
2120 1210
2130 1210
2140 1210
2160 1210
2170 1210
2180 1210
2190 1210
2200 1210
2150 1210
2210 1210
2220 1210
2230 1210
2240 1210
2250 1210
2270 1210
2280 1210
2290 1210
2300 1210
2260 1210
2310 1210
2320 1210
2330 1210
2340 1210
2350 1210
2370 1210
2380 1210
2390 1210
2400 1210
2410 1210
2360 1210
2420 1210
2430 1210
2440 1210
2450 1210
2460 1210
2480 1210
2490 1210
2500 1210
2510 1210
2470 1210
2520 1210
2530 1210
2540 1210
2550 1210
2560 1210
2580 1210
2590 1210
2600 1210
2610 1210
2620 1210
2570 1210
2630 1210
2640 1210
2650 1210
2660 1210
2670 1210
2690 1210
2700 1210
2680 1210
3990 3900
3990 3910
3990 3930
3990 3920
3990 3940
3990 3950
3990 3960
3990 3970
3990 3980
1390 3900
1390 3910
1390 3920
1390 3940
1390 3930
1390 3950
1390 3960
1390 3970
1390 3980
0 3900
0 3910
0 3920
0 3940
0 3930
0 3950
0 3960
0 3970
0 3980
3970 3990
3960 3990
3950 3990
3940 3990
3930 3990
3920 3990
3910 3990
3900 3990
3990 3990
3980 3990
3900 0
3920 0
3930 0
3940 0
3950 0
3960 0
3910 0
3970 0
3980 0
710 2200
710 2210
710 2220
710 2230
710 2240
710 2250
570 2500
710 2260
570 2510
570 2520
570 2530
570 2540
570 2550
570 2560
570 2570
570 2580
570 2600
570 2590
570 2610
570 2620
570 2630
570 2640
570 2650
570 2660
570 2670
570 2680
570 2700
570 2690
570 2710
570 2720
570 2730
570 2740
570 2750
570 2760
570 2770
570 2780
570 2800
570 2790
570 2810
570 2820
570 2830
570 2840
570 2850
570 2860
570 2870
570 2880
570 2900
570 2890
570 2910
570 2920
570 2930
570 2940
570 2950
570 2960
570 2970
570 2980
570 3000
570 2990
570 3010
570 3020
570 3030
570 3040
570 3050
570 3060
710 2840
710 2850
710 2870
710 2860
710 2880
710 2890
710 2900
710 2910
710 2920
710 2930
710 2940
710 2950
710 2970
710 2960
710 2980
710 2990
710 3000
710 3010
710 3020
710 3030
710 3040
710 3050
710 3070
710 3060
710 3080
710 3090
710 3100
710 3110
710 3120
710 3130
710 3140
710 3150
710 3170
710 3160
710 3180
710 3190
710 3200
710 3210
710 3220
710 3230
710 3240
710 3250
710 3270
710 3260
710 3280
710 3290
710 3300
710 3310
710 3320
710 3330
710 3340
710 3350
710 3360
1110 2400
1120 2400
1130 2400
1150 2400
1160 2400
1170 2400
1180 2400
1190 2400
1140 2400
1200 2400
1210 2400
1220 2400
720 2010
730 2010
750 2010
760 2010
770 2010
780 2010
740 2010
790 2010
800 2010
810 2010
820 2010
830 2010
850 2010
860 2010
870 2010
880 2010
890 2010
840 2010
900 2010
910 2010
920 2010
930 2010
940 2010
960 2010
970 2010
980 2010
1080 1540
950 2010
1090 1540
1100 1540
1110 1540
1120 1540
1130 1540
1150 1540
1160 1540
1170 1540
1180 1540
1190 1540
1140 1540
1200 1540
1210 1540
1220 1540
1230 1540
1240 1540
1260 1540
1270 1540
1280 1540
1290 1540
1250 1540
1300 1540
1310 1540
1320 1540
1330 1540
2040 2310
2060 2310
2070 2310
2080 2310
2090 2310
2100 2310
2050 2310
2110 2310
2120 2310
2130 2310
2140 2310
2150 2310
2170 2310
2180 2310
2190 2310
2200 2310
2160 2310
2210 2310
2220 2310
2230 2310
2240 2310
2250 2310
2270 2310
2280 2310
2290 2310
1510 2010
1520 2010
2260 2310
930 2920
939 2915
948 2910
956 2905
965 2900
974 2895
982 2890
1000 2880
1008 2875
1017 2870
1026 2865
991 2885
1034 2860
1043 2855
1052 2850
1060 2845
1069 2840
1086 2830
1095 2825
1104 2820
1112 2815
1121 2810
1078 2835
1130 2805
1138 2800
1147 2795
1156 2790
1164 2785
1182 2775
1190 2770
1199 2765
1208 2760
1173 2780
1216 2755
1225 2750
1234 2745
1242 2740
1251 2735
1268 2725
1277 2720
1285 2714
1294 2710
1303 2705
1260 2730
300 1710
309 1705
318 1700
326 1695
335 1690
344 1685
352 1680
370 1670
378 1665
387 1660
396 1655
361 1675
404 1650
413 1645
422 1640
430 1635
439 1630
456 1620
465 1615
474 1610
482 1605
491 1600
448 1625
500 1595
508 1590
517 1585
526 1580
534 1575
552 1565
560 1560
569 1555
578 1550
543 1570
586 1545
595 1540
604 1535
612 1530
621 1525
638 1515
647 1510
655 1504
664 1500
673 1495
630 1520
1110 2390
1120 2390
1130 2390
1150 2390
1160 2390
1170 2390
1180 2390
1190 2390
1140 2390
1200 2390
1210 2390
1220 2390
720 2000
730 2000
750 2000
760 2000
770 2000
780 2000
740 2000
790 2000
800 2000
810 2000
820 2000
830 2000
850 2000
860 2000
870 2000
880 2000
890 2000
840 2000
900 2000
910 2000
920 2000
930 2000
940 2000
960 2000
970 2000
980 2000
1080 1530
950 2000
1090 1530
1100 1530
1110 1530
1120 1530
1130 1530
1150 1530
1160 1530
1170 1530
1180 1530
1190 1530
1140 1530
1200 1530
1210 1530
1220 1530
1230 1530
1240 1530
1260 1530
1270 1530
1280 1530
1290 1530
1250 1530
1300 1530
1310 1530
1320 1530
1330 1530
2040 2300
2060 2300
2070 2300
2080 2300
2090 2300
2100 2300
2050 2300
2110 2300
2120 2300
2130 2300
2140 2300
2150 2300
2170 2300
2180 2300
2190 2300
2200 2300
2160 2300
2210 2300
2220 2300
2230 2300
2240 2300
2250 2300
2270 2300
2280 2300
2290 2300
1510 2000
1520 2000
2260 2300
1110 2380
1120 2380
1130 2380
1150 2380
1160 2380
1170 2380
1180 2380
1190 2380
1140 2380
1200 2380
1210 2380
1220 2380
720 1990
730 1990
750 1990
760 1990
770 1990
780 1990
740 1990
790 1990
800 1990
810 1990
820 1990
830 1990
850 1990
860 1990
870 1990
880 1990
890 1990
840 1990
900 1990
910 1990
920 1990
930 1990
940 1990
960 1990
970 1990
980 1990
1080 1520
950 1990
1090 1520
1100 1520
1110 1520
1120 1520
1130 1520
1150 1520
1160 1520
1170 1520
1180 1520
1190 1520
1140 1520
1200 1520
1210 1520
1220 1520
1230 1520
1240 1520
1260 1520
1270 1520
1280 1520
1290 1520
1250 1520
1300 1520
1310 1520
1320 1520
1330 1520
2040 2290
2060 2290
2070 2290
2080 2290
2090 2290
2100 2290
2050 2290
2110 2290
2120 2290
2130 2290
2140 2290
2150 2290
2170 2290
2180 2290
2190 2290
2200 2290
2160 2290
2210 2290
2220 2290
2230 2290
2240 2290
2250 2290
2270 2290
2280 2290
2290 2290
1510 1990
1520 1990
2260 2290
1110 2370
1120 2370
1130 2370
1150 2370
1160 2370
1170 2370
1180 2370
1190 2370
1140 2370
1200 2370
1210 2370
1220 2370
720 1980
730 1980
750 1980
760 1980
770 1980
780 1980
740 1980
790 1980
800 1980
810 1980
820 1980
830 1980
850 1980
860 1980
870 1980
880 1980
890 1980
840 1980
900 1980
910 1980
920 1980
930 1980
940 1980
960 1980
970 1980
980 1980
1080 1510
950 1980
1090 1510
1100 1510
1110 1510
1120 1510
1130 1510
1150 1510
1160 1510
1170 1510
1180 1510
1190 1510
1140 1510
1200 1510
1210 1510
1220 1510
1230 1510
1240 1510
1260 1510
1270 1510
1280 1510
1290 1510
1250 1510
1300 1510
1310 1510
1320 1510
1330 1510
2040 2280
2060 2280
2070 2280
2080 2280
2090 2280
2100 2280
2050 2280
2110 2280
2120 2280
2130 2280
2140 2280
2150 2280
2170 2280
2180 2280
2190 2280
2200 2280
2160 2280
2210 2280
2220 2280
2230 2280
2240 2280
2250 2280
2270 2280
2280 2280
2290 2280
1510 1980
1520 1980
2260 2280
1110 2360
1120 2360
1130 2360
1150 2360
1160 2360
1170 2360
1180 2360
1190 2360
1140 2360
1200 2360
1210 2360
1220 2360
720 1970
730 1970
750 1970
760 1970
770 1970
780 1970
740 1970
790 1970
800 1970
810 1970
820 1970
830 1970
850 1970
860 1970
870 1970
880 1970
890 1970
840 1970
900 1970
910 1970
920 1970
930 1970
940 1970
960 1970
970 1970
980 1970
1080 1500
950 1970
1090 1500
1100 1500
1110 1500
1120 1500
1130 1500
1150 1500
1160 1500
1170 1500
1180 1500
1190 1500
1140 1500
1200 1500
1210 1500
1220 1500
1230 1500
1240 1500
1260 1500
1270 1500
1280 1500
1290 1500
1250 1500
1300 1500
1310 1500
1320 1500
1330 1500
2040 2270
2060 2270
2070 2270
2080 2270
2090 2270
2100 2270
2050 2270
2110 2270
2120 2270
2130 2270
2140 2270
2150 2270
2170 2270
2180 2270
2190 2270
2200 2270
2160 2270
2210 2270
2220 2270
2230 2270
2240 2270
2250 2270
2270 2270
2280 2270
2290 2270
1510 1970
1520 1970
2260 2270
1110 2350
1120 2350
1130 2350
1150 2350
1160 2350
1170 2350
1180 2350
1190 2350
1140 2350
1200 2350
1210 2350
1220 2350
720 1960
730 1960
750 1960
760 1960
770 1960
780 1960
740 1960
790 1960
800 1960
810 1960
820 1960
830 1960
1850 1510
1860 1510
1870 1510
1880 1510
1890 1510
840 1960
1900 1510
1910 1510
1920 1510
1930 1510
1940 1510
1960 1510
1970 1510
1980 1510
1990 1510
1950 1510
2000 1510
2010 1510
2020 1510
2030 1510
2040 1510
2060 1510
2070 1510
2080 1510
2090 1510
2100 1510
2050 1510
2110 1510
2120 1510
2130 1510
2140 1510
2150 1510
2170 1510
2180 1510
2190 1510
2200 1510
2160 1510
2210 1510
2220 1510
2230 1510
2240 1510
2250 1510
2270 1510
2280 1510
2290 1510
2300 1510
2310 1510
2260 1510
2320 1510
2330 1510
2340 1510
2350 1510
2360 1510
2380 1510
2390 1510
2400 1510
2410 1510
2370 1510
2420 1510
2430 1510
2440 1510
2450 1510
2460 1510
2480 1510
2490 1510
2500 1510
2510 1510
2520 1510
2470 1510
1110 2340
1120 2340
1130 2340
1150 2340
1160 2340
1170 2340
1180 2340
1190 2340
1140 2340
1200 2340
1210 2340
1220 2340
720 1950
730 1950
750 1950
760 1950
770 1950
780 1950
740 1950
790 1950
800 1950
810 1950
820 1950
830 1950
1850 1500
1860 1500
1870 1500
1880 1500
1890 1500
840 1950
1900 1500
1910 1500
1920 1500
1930 1500
1940 1500
1960 1500
1970 1500
1980 1500
1990 1500
1950 1500
2000 1500
2010 1500
2020 1500
2030 1500
2040 1500
2060 1500
2070 1500
2080 1500
2090 1500
2100 1500
2050 1500
2110 1500
2120 1500
2130 1500
2140 1500
2150 1500
2170 1500
2180 1500
2190 1500
2200 1500
2160 1500
2210 1500
2220 1500
2230 1500
2240 1500
2250 1500
2270 1500
2280 1500
2290 1500
2300 1500
2310 1500
2260 1500
2320 1500
2330 1500
2340 1500
2350 1500
2360 1500
2380 1500
2390 1500
2400 1500
2410 1500
2370 1500
2420 1500
2430 1500
2440 1500
2450 1500
2460 1500
2480 1500
2490 1500
2500 1500
2510 1500
2520 1500
2470 1500
1110 2330
1120 2330
1130 2330
1150 2330
1160 2330
1170 2330
1180 2330
1190 2330
1140 2330
1200 2330
1210 2330
1220 2330
720 1940
730 1940
750 1940
760 1940
770 1940
780 1940
740 1940
790 1940
800 1940
810 1940
820 1940
830 1940
1850 1490
1860 1490
1870 1490
1880 1490
1890 1490
840 1940
1900 1490
1910 1490
1920 1490
1930 1490
1940 1490
1960 1490
1970 1490
1980 1490
1990 1490
1950 1490
2000 1490
2010 1490
2020 1490
2030 1490
2040 1490
2060 1490
2070 1490
2080 1490
2090 1490
2100 1490
2050 1490
2110 1490
2120 1490
2130 1490
2140 1490
2150 1490
2170 1490
2180 1490
2190 1490
2200 1490
2160 1490
2210 1490
2220 1490
2230 1490
2240 1490
2250 1490
2270 1490
2280 1490
2290 1490
2300 1490
2310 1490
2260 1490
2320 1490
2330 1490
2340 1490
2350 1490
2360 1490
2380 1490
2390 1490
2400 1490
2410 1490
2370 1490
2420 1490
2430 1490
2440 1490
2450 1490
2460 1490
2480 1490
2490 1490
2500 1490
2510 1490
2520 1490
2470 1490
1702 2738
1711 2734
1720 2731
1730 2728
1692 2741
1739 2724
1749 2721
1758 2717
1767 2714
1777 2711
1796 2704
1805 2700
1814 2697
1824 2693
1833 2690
1786 2707
1842 2687
1852 2683
1861 2680
1871 2676
1880 2673
1899 2666
1908 2663
1918 2659
1927 2656
1889 2669
1936 2652
1946 2649
1955 2646
1965 2642
1974 2639
1993 2632
2002 2628
2012 2625
2021 2622
2030 2618
1983 2635
1698 2728
1708 2725
1717 2722
1726 2718
1689 2732
1736 2715
1745 2711
1754 2708
1764 2705
1773 2701
1792 2694
1801 2691
1811 2687
1820 2684
1830 2681
1783 2698
1839 2677
1848 2674
1858 2670
1867 2667
1877 2664
1895 2657
1905 2653
1914 2650
1924 2646
1886 2660
1933 2643
1942 2640
1952 2636
1961 2633
1971 2629
1989 2622
1999 2619
2008 2616
2018 2612
2027 2609
1980 2626
1695 2719
1704 2716
1713 2712
1723 2709
1685 2723
1732 2705
1742 2702
1751 2699
1760 2695
1770 2692
1789 2685
1798 2681
1807 2678
1817 2675
1826 2671
1779 2688
1836 2668
1845 2664
1854 2661
1864 2658
1873 2654
1892 2647
1901 2644
1911 2640
1920 2637
1883 2651
1930 2634
1939 2630
1948 2627
1958 2623
1967 2620
1986 2613
1995 2610
2005 2606
2014 2603
2024 2599
1977 2616
1691 2710
1701 2706
1710 2703
1719 2699
1682 2713
1729 2696
1738 2693
1748 2689
1757 2686
1766 2682
1785 2675
1795 2672
1804 2669
1813 2665
1823 2662
1776 2679
1832 2658
1842 2655
1851 2652
1860 2648
1870 2645
1889 2638
1898 2634
1907 2631
1917 2628
1879 2641
1926 2624
1936 2621
1945 2617
1954 2614
1964 2611
1983 2604
1992 2600
2001 2597
2011 2593
2020 2590
1973 2607
1688 2700
1697 2697
1707 2693
1716 2690
1678 2704
1725 2687
1735 2683
1744 2680
1754 2676
1763 2673
1782 2666
1791 2663
1801 2659
1810 2656
1819 2652
1772 2670
1829 2649
1838 2646
1848 2642
1857 2639
1866 2635
1885 2628
1895 2625
1904 2622
1913 2618
1876 2632
1923 2615
1932 2611
1942 2608
1951 2605
1960 2601
1979 2594
1989 2591
1998 2587
2007 2584
2017 2581
1970 2598
1684 2691
1694 2687
1703 2684
1713 2681
1675 2694
1722 2677
1731 2674
1741 2670
1750 2667
1760 2664
1778 2657
1788 2653
1797 2650
1807 2646
1816 2643
1769 2660
1825 2640
1835 2636
1844 2633
1854 2629
1863 2626
1882 2619
1891 2616
1901 2612
1910 2609
1872 2622
1919 2605
1929 2602
1938 2599
1948 2595
1957 2592
1976 2585
1985 2581
1995 2578
2004 2575
2013 2571
1966 2588
1681 2682
1690 2678
1700 2675
1709 2671
1672 2685
1719 2668
1728 2664
1737 2661
1747 2658
1756 2654
1775 2647
1784 2644
1794 2640
1803 2637
1813 2634
1766 2651
1822 2630
1831 2627
1841 2623
1850 2620
1860 2617
1878 2610
1888 2606
1897 2603
1907 2599
1869 2613
1916 2596
1925 2593
1935 2589
1944 2586
1954 2582
1972 2575
1982 2572
1991 2569
2001 2565
2010 2562
1963 2579
1678 2672
1687 2669
1696 2665
1706 2662
1668 2676
1715 2658
1725 2655
1734 2652
1743 2648
1753 2645
1772 2638
1781 2634
1790 2631
1800 2628
1809 2624
1762 2641
1819 2621
1828 2617
1837 2614
1847 2611
1856 2607
1875 2600
1884 2597
1894 2593
1903 2590
1866 2604
1913 2587
1922 2583
1931 2580
1941 2576
1950 2573
1969 2566
1978 2563
1988 2559
1997 2556
2006 2552
1960 2570
2135 3176
2143 3182
2151 3189
2158 3195
2166 3202
2181 3215
2189 3221
2197 3227
2204 3234
2212 3240
2174 3208
2220 3247
2227 3253
2235 3260
2243 3266
2250 3272
2266 3285
2273 3292
2281 3298
2289 3305
2258 3279
2296 3311
2304 3317
2312 3324
2319 3330
2327 3337
2342 3350
2350 3356
2357 3362
2365 3369
2373 3375
2335 3343
2142 3168
2149 3175
2157 3181
2165 3188
2172 3194
2188 3207
2195 3213
2203 3220
2211 3226
2218 3233
2180 3200
2226 3239
2234 3245
2241 3252
2249 3258
2257 3265
2272 3278
2280 3284
2287 3290
2295 3297
2264 3271
2303 3303
2310 3310
2318 3316
2326 3323
2333 3329
2349 3342
2356 3348
2364 3355
2372 3361
2379 3368
2341 3335
2148 3161
2156 3167
2164 3174
2171 3180
2179 3186
2194 3199
2202 3206
2209 3212
2217 3219
2225 3225
2186 3193
2232 3231
2240 3238
2248 3244
2255 3251
2263 3257
2278 3270
2286 3276
2294 3283
2301 3289
2271 3264
2309 3296
2317 3302
2324 3309
2332 3315
2340 3321
2355 3334
2363 3341
2370 3347
2378 3354
2386 3360
2347 3328
2155 3153
2162 3159
2170 3166
2178 3172
2185 3179
2201 3192
2208 3198
2216 3204
2224 3211
2231 3217
2193 3185
2239 3224
2247 3230
2254 3237
2262 3243
2270 3249
2285 3262
2293 3269
2300 3275
2308 3282
2277 3256
2315 3288
2323 3294
2331 3301
2338 3307
2346 3314
2361 3327
2369 3333
2377 3339
2384 3346
2392 3352
2354 3320
2161 3145
2169 3152
2176 3158
2184 3165
2192 3171
2207 3184
2215 3190
2222 3197
2230 3203
2238 3210
2199 3177
2245 3216
2253 3222
2261 3229
2268 3235
2276 3242
2291 3255
2299 3261
2307 3267
2314 3274
2284 3248
2322 3280
2330 3287
2337 3293
2345 3300
2353 3306
2368 3319
2376 3325
2383 3332
2391 3338
2399 3345
2360 3312
2167 3138
2175 3144
2183 3151
2190 3157
2198 3163
2213 3176
2221 3183
2229 3189
2236 3196
2244 3202
2206 3170
2252 3208
2259 3215
2267 3221
2275 3228
2282 3234
2298 3247
2305 3253
2313 3260
2321 3266
2290 3241
2328 3273
2336 3279
2344 3286
2351 3292
2359 3298
2374 3311
2382 3318
2390 3324
2397 3331
2405 3337
2367 3305
2174 3130
2182 3136
2189 3143
2197 3149
2205 3156
2220 3169
2228 3175
2235 3181
2243 3188
2251 3194
2212 3162
2258 3201
2266 3207
2273 3214
2281 3220
2289 3226
2304 3239
2312 3246
2319 3252
2327 3259
2296 3233
2335 3265
2342 3271
2350 3278
2358 3284
2365 3291
2381 3304
2388 3310
2396 3316
2404 3323
2411 3329
2373 3297
2180 3122
2188 3129
2196 3135
2203 3142
2211 3148
2226 3161
2234 3167
2242 3174
2249 3180
2257 3187
2219 3155
2265 3193
2272 3200
2280 3206
2288 3212
2295 3219
2311 3232
2318 3238
2326 3245
2334 3251
2303 3225
2341 3257
2349 3264
2357 3270
2364 3277
2372 3283
2387 3296
2395 3302
2402 3309
2410 3315
2418 3322
2380 3290
3040 2530
3050 2530
3060 2530
3070 2530
3080 2530
3090 2530
3100 2530
3120 2530
3130 2530
3140 2530
3150 2530
3110 2530
3160 2530
3170 2530
3180 2530
3190 2530
3200 2530
3220 2530
3230 2530
3240 2530
3250 2530
3260 2530
3210 2530
3270 2530
3280 2530
3290 2530
3300 2530
3310 2530
3330 2530
3340 2530
3350 2530
3360 2530
3320 2530
3370 2530
3380 2530
3390 2530
3400 2530
3410 2530
3430 2530
3440 2530
3450 2530
3460 2530
3470 2530
3420 2530
3480 2530
3490 2530
3500 2530
3510 2530
3520 2530
3540 2530
3550 2530
3560 2530
3570 2530
3530 2530
3580 2530
3590 2530
3600 2530
3610 2530
3040 2520
3050 2520
3060 2520
3070 2520
3080 2520
3090 2520
3100 2520
3120 2520
3130 2520
3140 2520
3150 2520
3110 2520
3160 2520
3170 2520
3180 2520
3190 2520
3200 2520
3220 2520
3230 2520
3240 2520
3250 2520
3260 2520
3210 2520
3270 2520
3280 2520
3290 2520
3300 2520
3310 2520
3330 2520
3340 2520
3350 2520
3360 2520
3320 2520
3370 2520
3380 2520
3390 2520
3400 2520
3410 2520
3430 2520
3440 2520
3450 2520
3460 2520
3470 2520
3420 2520
3480 2520
3490 2520
3500 2520
3510 2520
3520 2520
3540 2520
3550 2520
3560 2520
3570 2520
3530 2520
3580 2520
3590 2520
3600 2520
3610 2520
3040 2510
3050 2510
3060 2510
3070 2510
3080 2510
3090 2510
3100 2510
3120 2510
3130 2510
3140 2510
3150 2510
3110 2510
3160 2510
3170 2510
3180 2510
3190 2510
3200 2510
3220 2510
3230 2510
3240 2510
3250 2510
3260 2510
3210 2510
3270 2510
3280 2510
3290 2510
3300 2510
3310 2510
3330 2510
3340 2510
3350 2510
3360 2510
3320 2510
3370 2510
3380 2510
3390 2510
3400 2510
3410 2510
3430 2510
3440 2510
3450 2510
3460 2510
3470 2510
3420 2510
3480 2510
3490 2510
3500 2510
3510 2510
3520 2510
3540 2510
3550 2510
3560 2510
3570 2510
3530 2510
3580 2510
3590 2510
3600 2510
3610 2510
3040 2500
3050 2500
3060 2500
3070 2500
3080 2500
3090 2500
3100 2500
3120 2500
3130 2500
3140 2500
3150 2500
3110 2500
3160 2500
3170 2500
3180 2500
3190 2500
3200 2500
3220 2500
3230 2500
3240 2500
3250 2500
3260 2500
3210 2500
3270 2500
3280 2500
3290 2500
3300 2500
3310 2500
3330 2500
3340 2500
3350 2500
3360 2500
3320 2500
3370 2500
3380 2500
3390 2500
3400 2500
3410 2500
3430 2500
3440 2500
3450 2500
3460 2500
3470 2500
3420 2500
3480 2500
3490 2500
3500 2500
3510 2500
3520 2500
3540 2500
3550 2500
3560 2500
3570 2500
3530 2500
3580 2500
3590 2500
3600 2500
3610 2500
3040 2490
3050 2490
3060 2490
3070 2490
3080 2490
3090 2490
3100 2490
3120 2490
3130 2490
3140 2490
3150 2490
3110 2490
3160 2490
3170 2490
3180 2490
3190 2490
3200 2490
3220 2490
3230 2490
3240 2490
3250 2490
3260 2490
3210 2490
3270 2490
3280 2490
3290 2490
3300 2490
3310 2490
3330 2490
3340 2490
3350 2490
3360 2490
3320 2490
3370 2490
3380 2490
3390 2490
3400 2490
3410 2490
3430 2490
3440 2490
3450 2490
3460 2490
3470 2490
3420 2490
3480 2490
3490 2490
3500 2490
3510 2490
3520 2490
3540 2490
3550 2490
3560 2490
3570 2490
3530 2490
3580 2490
3590 2490
3600 2490
3610 2490
3040 2480
3050 2480
3060 2480
3070 2480
3080 2480
3090 2480
3100 2480
3120 2480
3130 2480
3140 2480
3150 2480
3110 2480
3160 2480
3170 2480
3180 2480
3190 2480
3200 2480
3220 2480
3230 2480
3240 2480
3250 2480
3260 2480
3210 2480
3270 2480
3280 2480
3290 2480
3300 2480
3310 2480
3330 2480
3340 2480
3350 2480
3360 2480
3320 2480
3370 2480
3380 2480
3390 2480
3400 2480
3410 2480
3430 2480
3440 2480
3450 2480
3460 2480
3470 2480
3420 2480
3480 2480
3490 2480
3500 2480
3510 2480
3520 2480
3540 2480
3550 2480
3560 2480
3570 2480
3530 2480
3580 2480
3590 2480
3600 2480
3610 2480
3040 2470
3050 2470
3060 2470
3070 2470
3080 2470
3090 2470
3100 2470
3120 2470
3130 2470
3140 2470
3150 2470
3110 2470
3160 2470
3170 2470
3180 2470
3190 2470
3200 2470
3220 2470
3230 2470
3240 2470
3250 2470
3260 2470
3210 2470
3270 2470
3280 2470
3290 2470
3300 2470
3310 2470
3330 2470
3340 2470
3350 2470
3360 2470
3320 2470
3370 2470
3380 2470
3390 2470
3400 2470
3410 2470
3430 2470
3440 2470
3450 2470
3460 2470
3470 2470
3420 2470
3480 2470
3490 2470
3500 2470
3510 2470
3520 2470
3540 2470
3550 2470
3560 2470
3570 2470
3530 2470
3580 2470
3590 2470
3600 2470
3610 2470
3040 2460
3050 2460
3060 2460
3070 2460
3080 2460
3090 2460
3100 2460
3120 2460
3130 2460
3140 2460
3150 2460
3110 2460
3160 2460
3170 2460
3180 2460
3190 2460
3200 2460
3220 2460
3230 2460
3240 2460
3250 2460
3260 2460
3210 2460
3270 2460
3280 2460
3290 2460
3300 2460
3310 2460
3330 2460
3340 2460
3350 2460
3360 2460
3320 2460
3370 2460
3380 2460
3390 2460
3400 2460
3410 2460
3430 2460
3440 2460
3450 2460
3460 2460
3470 2460
3420 2460
3480 2460
3490 2460
3500 2460
3510 2460
3520 2460
3540 2460
3550 2460
3560 2460
3570 2460
3530 2460
3580 2460
3590 2460
3600 2460
3610 2460
3230 3360
3240 3360
3250 3360
3260 3360
3270 3360
3220 3360
3280 3360
3290 3360
3300 3360
3310 3360
3320 3360
3340 3360
3350 3360
3360 3360
3370 3360
3330 3360
3380 3360
3390 3360
3400 3360
3410 3360
3230 3350
3240 3350
3250 3350
3260 3350
3270 3350
3220 3350
3280 3350
3290 3350
3300 3350
3310 3350
3320 3350
3340 3350
3350 3350
3360 3350
3370 3350
3330 3350
3380 3350
3390 3350
3400 3350
3410 3350
3230 3340
3240 3340
3250 3340
3260 3340
3270 3340
3220 3340
3280 3340
3290 3340
3300 3340
3310 3340
3320 3340
3340 3340
3350 3340
3360 3340
3370 3340
3330 3340
3380 3340
3390 3340
3400 3340
3410 3340
3230 3330
3240 3330
3250 3330
3260 3330
3270 3330
3220 3330
3280 3330
3290 3330
3300 3330
3310 3330
3320 3330
3340 3330
3350 3330
3360 3330
3370 3330
3330 3330
3380 3330
3390 3330
3400 3330
3410 3330
3230 3320
3240 3320
3250 3320
3260 3320
3270 3320
3220 3320
3280 3320
3290 3320
3300 3320
3310 3320
3320 3320
3340 3320
3350 3320
3360 3320
3370 3320
3330 3320
3380 3320
3390 3320
3400 3320
3410 3320
3230 3310
3240 3310
3250 3310
3260 3310
3270 3310
3220 3310
3280 3310
3290 3310
3300 3310
3310 3310
3320 3310
3340 3310
3350 3310
3360 3310
3370 3310
3330 3310
3380 3310
3390 3310
3400 3310
3410 3310
3230 3300
3240 3300
3250 3300
3260 3300
3270 3300
3220 3300
3280 3300
3290 3300
3300 3300
3310 3300
3320 3300
3340 3300
3350 3300
3360 3300
3370 3300
3330 3300
3380 3300
3390 3300
3400 3300
3410 3300
3230 3290
3240 3290
3250 3290
3260 3290
3270 3290
3220 3290
3280 3290
3290 3290
3300 3290
3310 3290
3320 3290
3340 3290
3350 3290
3360 3290
3370 3290
3330 3290
3380 3290
3390 3290
3400 3290
3410 3290
3040 1610
3050 1610
3060 1610
3070 1610
3080 1610
3090 1610
3100 1610
3120 1610
3130 1610
3140 1610
3150 1610
3110 1610
3160 1610
3170 1610
3180 1610
3190 1610
3200 1610
3220 1610
3230 1610
3240 1610
3250 1610
3260 1610
3210 1610
3270 1610
3280 1610
3290 1610
3300 1610
3310 1610
3330 1610
3340 1610
3350 1610
3360 1610
3320 1610
3370 1610
3380 1610
3390 1610
3400 1610
3410 1610
3430 1610
3440 1610
3450 1610
3460 1610
3470 1610
3420 1610
3480 1610
3490 1610
3500 1610
3510 1610
3520 1610
3540 1610
3550 1610
3560 1610
3570 1610
3530 1610
3580 1610
3590 1610
3600 1610
3610 1610
3040 1600
3050 1600
3060 1600
3070 1600
3080 1600
3090 1600
3100 1600
3120 1600
3130 1600
3140 1600
3150 1600
3110 1600
3160 1600
3170 1600
3180 1600
3190 1600
3200 1600
3220 1600
3230 1600
3240 1600
3250 1600
3260 1600
3210 1600
3270 1600
3280 1600
3290 1600
3300 1600
3310 1600
3330 1600
3340 1600
3350 1600
3360 1600
3320 1600
3370 1600
3380 1600
3390 1600
3400 1600
3410 1600
3430 1600
3440 1600
3450 1600
3460 1600
3470 1600
3420 1600
3480 1600
3490 1600
3500 1600
3510 1600
3520 1600
3540 1600
3550 1600
3560 1600
3570 1600
3530 1600
3580 1600
3590 1600
3600 1600
3610 1600
3040 1590
3050 1590
3060 1590
3070 1590
3080 1590
3090 1590
3100 1590
3120 1590
3130 1590
3140 1590
3150 1590
3110 1590
3160 1590
3170 1590
3180 1590
3190 1590
3200 1590
3220 1590
3230 1590
3240 1590
3250 1590
3260 1590
3210 1590
3270 1590
3280 1590
3290 1590
3300 1590
3310 1590
3330 1590
3340 1590
3350 1590
3360 1590
3320 1590
3370 1590
3380 1590
3390 1590
3400 1590
3410 1590
3430 1590
3440 1590
3450 1590
3460 1590
3470 1590
3420 1590
3480 1590
3490 1590
3500 1590
3510 1590
3520 1590
3540 1590
3550 1590
3560 1590
3570 1590
3530 1590
3580 1590
3590 1590
3600 1590
3610 1590
3040 1580
3050 1580
3060 1580
3070 1580
3080 1580
3090 1580
3100 1580
3120 1580
3130 1580
3140 1580
3150 1580
3110 1580
3160 1580
3170 1580
3180 1580
3190 1580
3200 1580
3220 1580
3230 1580
3240 1580
3250 1580
3260 1580
3210 1580
3270 1580
3280 1580
3290 1580
3300 1580
3310 1580
3330 1580
3340 1580
3350 1580
3360 1580
3320 1580
3370 1580
3380 1580
3390 1580
3400 1580
3410 1580
3430 1580
3440 1580
3450 1580
3460 1580
3470 1580
3420 1580
3480 1580
3490 1580
3500 1580
3510 1580
3520 1580
3540 1580
3550 1580
3560 1580
3570 1580
3530 1580
3580 1580
3590 1580
3600 1580
3610 1580
3040 1570
3050 1570
3060 1570
3070 1570
3080 1570
3090 1570
3100 1570
3120 1570
3130 1570
3140 1570
3150 1570
3110 1570
3160 1570
3170 1570
3180 1570
3190 1570
3200 1570
3220 1570
3230 1570
3240 1570
3250 1570
3260 1570
3210 1570
3270 1570
3280 1570
3290 1570
3300 1570
3310 1570
3330 1570
3340 1570
3350 1570
3360 1570
3320 1570
3370 1570
3380 1570
3390 1570
3400 1570
3410 1570
3430 1570
3440 1570
3450 1570
3460 1570
3470 1570
3420 1570
3480 1570
3490 1570
3500 1570
3510 1570
3520 1570
3540 1570
3550 1570
3560 1570
3570 1570
3530 1570
3580 1570
3590 1570
3600 1570
3610 1570
3040 1560
3050 1560
3060 1560
3070 1560
3080 1560
3090 1560
3100 1560
3120 1560
3130 1560
3140 1560
3150 1560
3110 1560
3160 1560
3170 1560
3180 1560
3190 1560
3200 1560
3220 1560
3230 1560
3240 1560
3250 1560
3260 1560
3210 1560
3270 1560
3280 1560
3290 1560
3300 1560
3310 1560
3330 1560
3340 1560
3350 1560
3360 1560
3320 1560
3370 1560
3380 1560
3390 1560
3400 1560
3410 1560
3430 1560
3440 1560
3450 1560
3460 1560
3470 1560
3420 1560
3480 1560
3490 1560
3500 1560
3510 1560
3520 1560
3540 1560
3550 1560
3560 1560
3570 1560
3530 1560
3580 1560
3590 1560
3600 1560
3610 1560
3420 609
3420 619
3420 629
3420 640
3420 649
3420 659
3420 670
3420 690
3420 700
3420 710
3420 719
3420 679
3420 729
3420 740
3420 750
3420 760
3420 769
3420 790
3420 800
3420 810
3420 820
3420 829
3420 780
3420 839
3420 850
3420 860
3420 869
3420 880
3420 899
3420 909
3420 919
3420 930
3420 890
3420 939
3420 950
3420 960
3420 970
3420 979
3420 1000
3420 1010
3420 1019
3420 1029
3420 1040
3420 989
3420 1049
3420 1060
3420 1070
3420 1080
3419 1089
3420 1110
3420 1119
3420 1129
3420 1139
3420 1099
3420 1150
3419 1159
3420 1170
3420 1180
3430 609
3430 619
3430 630
3430 639
3430 650
3430 660
3430 670
3430 690
3430 700
3430 709
3430 720
3430 680
3430 730
3430 740
3430 750
3430 760
3430 770
3430 790
3430 800
3430 810
3430 819
3430 830
3430 779
3430 840
3430 850
3430 860
3430 870
3430 880
3430 900
3430 909
3430 920
3430 929
3430 890
3430 940
3430 950
3430 960
3430 969
3430 980
3430 999
3430 1009
3430 1020
3430 1030
3430 1039
3430 990
3430 1050
3430 1060
3430 1070
3430 1079
3430 1089
3430 1109
3430 1120
3430 1130
3429 1140
3430 1100
3430 1149
3430 1160
3430 1170
3429 1179
3440 610
3440 620
3440 629
3440 640
3440 649
3440 659
3440 669
3440 690
3440 699
3440 709
3440 720
3440 680
3440 729
3440 739
3440 750
3440 760
3440 770
3440 790
3440 800
3440 809
3440 820
3440 830
3440 780
3440 840
3440 850
3440 860
3440 870
3440 880
3440 900
3440 910
3440 919
3440 929
3440 890
3440 940
3440 949
3440 960
3440 969
3440 980
3440 1000
3440 1010
3440 1020
3440 1029
3440 1040
3440 989
3440 1050
3440 1060
3440 1070
3440 1080
3440 1090
3440 1110
3440 1120
3440 1130
3440 1140
3440 1099
3440 1150
3439 1160
3440 1170
3440 1180
3450 609
3450 619
3450 630
3450 640
3450 650
3450 659
3450 670
3450 689
3450 700
3450 710
3450 719
3450 679
3450 729
3450 740
3450 750
3450 759
3450 770
3450 790
3450 799
3450 810
3450 820
3450 829
3450 780
3450 840
3450 850
3450 860
3450 870
3450 880
3450 899
3450 909
3450 920
3450 930
3450 890
3450 940
3450 950
3450 959
3450 970
3450 980
3450 1000
3450 1009
3450 1019
3450 1030
3450 1040
3450 990
3450 1050
3449 1060
3450 1070
3450 1079
3450 1089
3450 1110
3449 1119
3450 1129
3450 1140
3450 1100
3450 1150
3450 1159
3450 1170
3449 1180
3460 609
3460 620
3460 629
3460 639
3460 650
3460 660
3460 669
3460 690
3460 700
3460 709
3460 720
3460 679
3460 730
3460 740
3460 749
3460 760
3460 770
3460 790
3460 800
3460 810
3460 819
3460 830
3460 779
3460 840
3460 849
3460 859
3460 870
3460 880
3460 900
3460 910
3460 919
3460 930
3460 889
3460 940
3460 950
3460 959
3460 969
3460 980
3460 999
3460 1010
3460 1020
3460 1030
3460 1039
3460 990
3460 1050
3460 1060
3460 1070
3460 1080
3460 1090
3460 1110
3460 1120
3460 1130
3460 1140
3460 1100
3460 1149
3460 1160
3460 1170
3460 1179
3470 610
3470 620
3470 629
3470 640
3470 649
3470 660
3470 670
3470 690
3470 700
3470 710
3470 720
3470 680
3470 730
3470 739
3470 750
3470 760
3470 770
3470 790
3470 799
3470 810
3470 820
3470 830
3470 780
3470 840
3470 849
3470 860
3470 869
3470 880
3470 900
3470 909
3470 920
3470 930
3470 890
3470 940
3470 949
3470 960
3470 970
3470 980
3470 1000
3470 1010
3469 1019
3470 1030
3470 1040
3470 990
3470 1050
3470 1059
3470 1070
3470 1080
3470 1089
3470 1110
3470 1120
3470 1129
3470 1140
3470 1100
3470 1150
3470 1160
3470 1170
3470 1180
2060 9
2060 19
2060 29
2060 40
2060 49
2060 59
2060 70
2060 90
2060 100
2060 110
2060 119
2060 79
2060 129
2060 140
2060 150
2060 160
2060 169
2060 190
2060 200
2060 210
2060 220
2060 229
2060 180
2060 239
2060 250
2060 260
2060 269
2060 280
2060 299
2060 309
2060 319
2060 330
2060 290
2060 339
2060 350
2060 360
2060 370
2060 379
2060 400
2060 410
2060 419
2060 429
2060 440
2060 389
2060 449
2060 460
2060 470
2060 480
2059 489
2060 510
2060 519
2060 529
2060 539
2060 499
2060 550
2059 559
2060 570
2060 580
2070 9
2070 19
2070 30
2070 39
2070 50
2070 60
2070 70
2070 90
2070 100
2070 109
2070 120
2070 80
2070 130
2070 140
2070 150
2070 160
2070 170
2070 190
2070 200
2070 210
2070 219
2070 230
2070 179
2070 240
2070 250
2070 260
2070 270
2070 280
2070 300
2070 309
2070 320
2070 329
2070 290
2070 340
2070 350
2070 360
2070 369
2070 380
2070 399
2070 409
2070 420
2070 430
2070 439
2070 390
2070 450
2070 460
2070 470
2070 479
2070 489
2070 509
2070 520
2070 530
2069 540
2070 500
2070 549
2070 560
2070 570
2069 579
2080 10
2080 20
2080 29
2080 40
2080 49
2080 59
2080 69
2080 90
2080 99
2080 109
2080 120
2080 80
2080 129
2080 139
2080 150
2080 160
2080 170
2080 190
2080 200
2080 209
2080 220
2080 230
2080 180
2080 240
2080 250
2080 260
2080 270
2080 280
2080 300
2080 310
2080 319
2080 329
2080 290
2080 340
2080 349
2080 360
2080 369
2080 380
2080 400
2080 410
2080 420
2080 429
2080 440
2080 389
2080 450
2080 460
2080 470
2080 480
2080 490
2080 510
2080 520
2080 530
2080 540
2080 499
2080 550
2079 560
2080 570
2080 580
2090 9
2090 19
2090 30
2090 40
2090 50
2090 59
2090 70
2090 89
2090 100
2090 110
2090 119
2090 79
2090 129
2090 140
2090 150
2090 159
2090 170
2090 190
2090 199
2090 210
2090 220
2090 229
2090 180
2090 240
2090 250
2090 260
2090 270
2090 280
2090 299
2090 309
2090 320
2090 330
2090 290
2090 340
2090 350
2090 359
2090 370
2090 380
2090 400
2090 409
2090 419
2090 430
2090 440
2090 390
2090 450
2089 460
2090 470
2090 479
2090 489
2090 510
2089 519
2090 529
2090 540
2090 500
2090 550
2090 559
2090 570
2089 580
2100 9
2100 20
2100 29
2100 39
2100 50
2100 60
2100 69
2100 90
2100 100
2100 109
2100 120
2100 79
2100 130
2100 140
2100 149
2100 160
2100 170
2100 190
2100 200
2100 210
2100 219
2100 230
2100 179
2100 240
2100 249
2100 259
2100 270
2100 280
2100 300
2100 310
2100 319
2100 330
2100 289
2100 340
2100 350
2100 359
2100 369
2100 380
2100 399
2100 410
2100 420
2100 430
2100 439
2100 390
2100 450
2100 460
2100 470
2100 480
2100 490
2100 510
2100 520
2100 530
2100 540
2100 500
2100 549
2100 560
2100 570
2100 579
2110 10
2110 20
2110 29
2110 40
2110 49
2110 60
2110 70
2110 90
2110 100
2110 110
2110 120
2110 80
2110 130
2110 139
2110 150
2110 160
2110 170
2110 190
2110 199
2110 210
2110 220
2110 230
2110 180
2110 240
2110 249
2110 260
2110 269
2110 280
2110 300
2110 309
2110 320
2110 330
2110 290
2110 340
2110 349
2110 360
2110 370
2110 380
2110 400
2110 410
2109 419
2110 430
2110 440
2110 390
2110 450
2110 459
2110 470
2110 480
2110 489
2110 510
2110 520
2110 529
2110 540
2110 500
2110 550
2110 560
2110 570
2110 580
1060 629
1060 639
1060 649
1060 660
1060 669
1060 679
1060 690
1060 710
1060 720
1060 730
1060 739
1060 699
1060 749
1060 760
1060 770
1060 780
1060 789
1060 810
1060 820
1060 830
1060 840
1060 849
1060 800
1060 859
1060 870
1060 880
1060 889
1060 900
1060 919
1060 929
1060 939
1060 950
1060 910
1060 959
1060 970
1060 980
1060 990
1060 999
1060 1020
1060 1030
1060 1039
1060 1049
1060 1060
1060 1009
1060 1069
1060 1080
1060 1090
1060 1100
1059 1109
1060 1130
1060 1139
1060 1149
1060 1159
1060 1119
1060 1170
1059 1179
1060 1190
1060 1200
1070 629
1070 639
1070 650
1070 659
1070 670
1070 680
1070 690
1070 710
1070 720
1070 729
1070 740
1070 700
1070 750
1070 760
1070 770
1070 780
1070 790
1070 810
1070 820
1070 830
1070 839
1070 850
1070 799
1070 860
1070 870
1070 880
1070 890
1070 900
1070 920
1070 929
1070 940
1070 949
1070 910
1070 960
1070 970
1070 980
1070 989
1070 1000
1070 1019
1070 1029
1070 1040
1070 1050
1070 1059
1070 1010
1070 1070
1070 1080
1070 1090
1070 1099
1070 1109
1070 1129
1070 1140
1070 1150
1069 1160
1070 1120
1070 1169
1070 1180
1070 1190
1069 1199
1080 630
1080 640
1080 649
1080 660
1080 669
1080 679
1080 689
1080 710
1080 719
1080 729
1080 740
1080 700
1080 749
1080 759
1080 770
1080 780
1080 790
1080 810
1080 820
1080 829
1080 840
1080 850
1080 800
1080 860
1080 870
1080 880
1080 890
1080 900
1080 920
1080 930
1080 939
1080 949
1080 910
1080 960
1080 969
1080 980
1080 989
1080 1000
1080 1020
1080 1030
1080 1040
1080 1049
1080 1060
1080 1009
1080 1070
1080 1080
1080 1090
1080 1100
1080 1110
1080 1130
1080 1140
1080 1150
1080 1160
1080 1119
1080 1170
1079 1180
1080 1190
1080 1200
1090 629
1090 639
1090 650
1090 660
1090 670
1090 679
1090 690
1090 709
1090 720
1090 730
1090 739
1090 699
1090 749
1090 760
1090 770
1090 779
1090 790
1090 810
1090 819
1090 830
1090 840
1090 849
1090 800
1090 860
1090 870
1090 880
1090 890
1090 900
1090 919
1090 929
1090 940
1090 950
1090 910
1090 960
1090 970
1090 979
1090 990
1090 1000
1090 1020
1090 1029
1090 1039
1090 1050
1090 1060
1090 1010
1090 1070
1089 1080
1090 1090
1090 1099
1090 1109
1090 1130
1089 1139
1090 1149
1090 1160
1090 1120
1090 1170
1090 1179
1090 1190
1089 1200
1100 629
1100 640
1100 649
1100 659
1100 670
1100 680
1100 689
1100 710
1100 720
1100 729
1100 740
1100 699
1100 750
1100 760
1100 769
1100 780
1100 790
1100 810
1100 820
1100 830
1100 839
1100 850
1100 799
1100 860
1100 869
1100 879
1100 890
1100 900
1100 920
1100 930
1100 939
1100 950
1100 909
1100 960
1100 970
1100 979
1100 989
1100 1000
1100 1019
1100 1030
1100 1040
1100 1050
1100 1059
1100 1010
1100 1070
1100 1080
1100 1090
1100 1100
1100 1110
1100 1130
1100 1140
1100 1150
1100 1160
1100 1120
1100 1169
1100 1180
1100 1190
1100 1199
1110 630
1110 640
1110 649
1110 660
1110 669
1110 680
1110 690
1110 710
1110 720
1110 730
1110 740
1110 700
1110 750
1110 759
1110 770
1110 780
1110 790
1110 810
1110 819
1110 830
1110 840
1110 850
1110 800
1110 860
1110 869
1110 880
1110 889
1110 900
1110 920
1110 929
1110 940
1110 950
1110 910
1110 960
1110 969
1110 980
1110 990
1110 1000
1110 1020
1110 1030
1109 1039
1110 1050
1110 1060
1110 1010
1110 1070
1110 1079
1110 1090
1110 1100
1110 1109
1110 1130
1110 1140
1110 1149
1110 1160
1110 1120
1110 1170
1110 1180
1110 1190
1110 1200
360 839
360 849
360 859
360 870
360 879
360 889
360 900
360 920
360 930
360 940
360 949
360 909
360 959
360 970
360 980
360 990
360 999
360 1020
360 1030
360 1040
360 1050
360 1059
360 1010
360 1069
360 1080
360 1090
360 1099
360 1110
690 769
690 779
690 789
690 800
690 760
690 809
690 820
690 830
690 840
690 849
690 870
690 880
690 889
690 899
690 910
690 859
690 919
690 930
690 940
690 950
689 959
690 980
690 989
690 999
690 1009
690 969
690 1020
689 1029
690 1040
690 1050
370 839
370 849
370 860
370 869
370 880
370 890
370 900
370 920
370 930
370 939
370 950
370 910
370 960
370 970
370 980
370 990
370 1000
370 1020
370 1030
370 1040
370 1049
370 1060
370 1009
370 1070
370 1080
370 1090
370 1100
370 1110
700 770
700 779
700 790
700 799
700 760
700 810
700 820
700 830
700 839
700 850
700 869
700 879
700 890
700 900
700 909
700 860
700 920
700 930
700 940
700 949
700 959
700 979
700 990
700 1000
699 1010
700 970
700 1019
700 1030
700 1040
699 1049
380 840
380 850
380 859
380 870
380 879
380 889
380 899
380 920
380 929
380 939
380 950
380 910
380 959
380 969
380 980
380 990
380 1000
380 1020
380 1030
380 1039
380 1050
380 1060
380 1010
380 1070
380 1080
380 1090
380 1100
380 1110
710 770
710 780
710 789
710 799
710 760
710 810
710 819
710 830
710 839
710 850
710 870
710 880
710 890
710 899
710 910
710 859
710 920
710 930
710 940
710 950
710 960
710 980
710 990
710 1000
710 1010
710 969
710 1020
709 1030
710 1040
710 1050
390 839
390 849
390 860
390 870
390 880
390 889
390 900
390 919
390 930
390 940
390 949
390 909
390 959
390 970
390 980
390 989
390 1000
390 1020
390 1029
390 1040
390 1050
390 1059
390 1010
390 1070
390 1080
390 1090
390 1100
390 1110
720 769
720 779
720 790
720 800
720 760
720 810
720 820
720 829
720 840
720 850
720 870
720 879
720 889
720 900
720 910
720 860
720 920
719 930
720 940
720 949
720 959
720 980
719 989
720 999
720 1010
720 970
720 1020
720 1029
720 1040
719 1050
400 839
400 850
400 859
400 869
400 880
400 890
400 899
400 920
400 930
400 939
400 950
400 909
400 960
400 970
400 979
400 990
400 1000
400 1020
400 1030
400 1040
400 1049
400 1060
400 1009
400 1070
400 1079
400 1089
400 1100
400 1110
730 770
730 780
730 789
730 800
730 759
730 810
730 820
730 829
730 839
730 850
730 869
730 880
730 890
730 900
730 909
730 860
730 920
730 930
730 940
730 950
730 960
730 980
730 990
730 1000
730 1010
730 970
730 1019
730 1030
730 1040
730 1049
410 840
410 850
410 859
410 870
410 879
410 890
410 900
410 920
410 930
410 940
410 950
410 910
410 960
410 969
410 980
410 990
410 1000
410 1020
410 1029
410 1040
410 1050
410 1060
410 1010
410 1070
410 1079
410 1090
410 1099
410 1110
740 770
740 779
740 790
740 800
740 760
740 810
740 819
740 830
740 840
740 850
740 870
740 880
739 889
740 900
740 910
740 860
740 920
740 929
740 940
740 950
740 959
740 980
740 990
740 999
740 1010
740 970
740 1020
740 1030
740 1040
740 1050
