2227
3980 0
3970 0
3910 0
3960 0
3950 0
3940 0
3930 0
3920 0
3900 0
3980 3990
3990 3990
3900 3990
3910 3990
3920 3990
3930 3990
3940 3990
3950 3990
3960 3990
3970 3990
0 3980
0 3970
0 3960
0 3950
0 3930
0 3940
0 3920
0 3910
0 3900
1390 3980
1390 3970
1390 3960
1390 3950
1390 3930
1390 3940
1390 3920
1390 3910
1390 3900
3990 3980
3990 3970
3990 3960
3990 3950
3990 3940
3990 3920
3990 3930
3990 3910
3990 3900
2680 1210
2700 1210
2690 1210
2670 1210
2660 1210
2650 1210
2640 1210
2630 1210
2570 1210
2620 1210
2610 1210
2600 1210
2590 1210
2580 1210
2560 1210
2550 1210
2540 1210
2530 1210
2520 1210
2470 1210
2510 1210
2500 1210
2490 1210
2480 1210
2460 1210
2450 1210
2440 1210
2430 1210
2420 1210
2360 1210
2410 1210
2400 1210
2390 1210
2380 1210
2370 1210
2350 1210
2340 1210
2330 1210
2320 1210
2310 1210
2260 1210
2300 1210
2290 1210
2280 1210
2270 1210
2250 1210
2240 1210
2230 1210
2220 1210
2210 1210
2150 1210
2200 1210
2190 1210
2180 1210
2170 1210
2160 1210
2140 1210
2130 1210
2120 1210
2110 1210
2100 1210
2050 1210
2090 1210
2080 1210
2070 1210
2060 1210
2040 1210
2030 1210
2020 1210
2010 1210
2000 1210
1940 1210
1990 1210
1980 1210
1970 1210
1960 1210
1950 1210
1930 1210
1920 1210
1910 1210
1900 1210
1890 1210
1840 1210
1880 1210
1870 1210
1860 1210
1850 1210
1830 1210
1820 1210
1810 1210
1800 1210
1790 1210
1730 1210
1780 1210
1770 1210
1760 1210
1750 1210
1740 1210
1720 1210
1710 1210
1700 1210
1690 1210
1680 1210
1630 1210
1670 1210
1660 1210
1650 1210
1640 1210
1620 1210
1610 1210
1600 1210
1590 1210
1580 1210
1520 1210
1570 1210
1560 1210
1550 1210
1540 1210
1530 1210
1510 1210
1500 1210
1490 1210
1480 1210
1470 1210
1420 1210
1460 1210
1450 1210
1440 1210
1430 1210
1410 1210
1400 1210
1390 1210
1380 1210
1370 1210
1310 1210
1360 1210
1350 1210
1340 1210
1330 1210
1320 1210
1300 1210
1290 1210
1280 1210
1270 1210
1260 1210
1210 1210
1250 1210
1240 1210
1230 1210
1220 1210
1200 1210
1190 1210
1180 1210
1170 1210
1160 1210
1100 1210
1150 1210
1140 1210
1130 1210
1120 1210
1110 1210
1090 1210
1080 1210
1070 1210
1060 1210
1050 1210
1000 1210
1040 1210
1030 1210
1020 1210
1010 1210
990 1210
980 1210
970 1210
960 1210
950 1210
890 1210
940 1210
930 1210
920 1210
910 1210
900 1210
880 1210
870 1210
860 1210
850 1210
840 1210
790 1210
830 1210
820 1210
810 1210
800 1210
780 1210
770 1210
760 1210
750 1210
740 1210
680 1210
730 1210
720 1210
710 1210
700 1210
690 1210
670 1210
660 1210
650 1210
640 1210
630 1210
580 1210
620 1210
610 1210
600 1210
590 1210
570 1210
560 1210
550 1210
540 1210
530 1210
470 1210
520 1210
510 1210
500 1210
490 1210
480 1210
460 1210
450 1210
440 1210
430 1210
420 1210
370 1210
410 1210
400 1210
390 1210
380 1210
360 1210
350 1210
340 1210
330 1210
320 1210
260 1210
310 1210
300 1210
290 1210
280 1210
270 1210
250 1210
240 1210
230 1210
220 1210
210 1210
160 1210
200 1210
190 1210
180 1210
170 1210
150 1210
140 1210
130 1210
120 1210
110 1210
50 1210
100 1210
90 1210
80 1210
70 1210
60 1210
40 1210
30 1210
20 1210
10 1210
2700 3000
2700 3010
2700 2990
2700 2980
2700 2970
2700 2960
2700 2950
2700 2940
2700 2930
2700 2920
2700 2910
2700 2900
2700 2890
2700 2870
2700 2880
2700 2860
2700 2850
2700 2840
2700 2830
2700 2820
2700 2810
2700 2800
2700 2790
2700 2770
2700 2780
2700 2760
2700 2750
2700 2740
2700 2730
2700 2720
2700 2710
2700 2700
2700 2690
2700 2670
2700 2680
2700 2660
2700 2650
2700 2640
2700 2630
2700 2620
2700 2610
2700 2600
2700 2590
2700 2570
2700 2580
2700 2560
2700 2550
2700 2540
2700 2530
2700 2520
2700 2510
2700 2500
2700 2490
2700 2470
2700 2480
2700 2460
2700 2450
2700 2440
2700 2430
2700 2420
2700 2410
2700 2400
2700 2390
2700 2370
2700 2380
2700 2360
2700 2350
2700 2340
2700 2330
2700 2320
2700 2310
2700 2300
2700 2290
2700 2270
2700 2280
2700 2260
2700 2250
2700 2240
2700 2230
2700 2220
2700 2210
2700 2200
2700 2190
2700 2170
2700 2180
2700 2160
2700 2150
2700 2140
2700 2130
2700 2120
2700 2110
2700 2100
2700 2090
2700 2070
2700 2080
2700 2060
2700 2050
2700 2040
2700 2030
2700 2020
2700 2010
2700 2000
2700 1990
2700 1970
2700 1980
2700 1960
2700 1950
2700 1940
2700 1930
2700 1920
2700 1910
2700 1900
2700 1890
2700 1870
2700 1880
2700 1860
2700 1850
2700 1840
2700 1830
2700 1820
2700 1810
2700 1800
2700 1790
2700 1770
2700 1780
2700 1760
2700 1750
2700 1740
2700 1730
2700 1720
2700 1710
2700 1700
2700 1690
2700 1670
2700 1680
2700 1660
2700 1650
2700 1640
2700 1630
2700 1620
2700 1610
2700 1600
2700 1590
2700 1570
2700 1580
2700 1560
2700 1550
2700 1540
2700 1530
2700 1520
2700 1510
2700 1500
2700 1490
2700 1470
2700 1480
2700 1460
2700 1450
2700 1440
2700 1430
2700 1420
2700 1410
2700 1400
2700 1390
2700 1370
2700 1380
2700 1360
2700 1350
2700 1340
2700 1330
2700 1320
2700 1310
2700 1300
2700 1290
2700 1270
2700 1280
2700 1260
2700 1250
2700 1240
2700 1230
2700 1220
2700 1210
1390 3890
1390 3880
1390 3860
1390 3870
1390 3850
1390 3840
1390 3830
1390 3820
1390 3810
1390 3800
1390 3790
1390 3780
1390 3760
1390 3770
1390 3750
1390 3740
1390 3730
1390 3720
1390 3710
1390 3700
1390 3690
1390 3680
1390 3660
1390 3670
1390 3650
1390 3640
1390 3630
1390 3620
1390 3610
1390 3600
1390 3590
1390 3580
1390 3560
1390 3570
1390 3550
1390 3540
1390 3530
1390 3520
1390 3510
1390 3500
1390 3490
1390 3480
1390 3460
1390 3470
1390 3450
1390 3440
1390 3430
1390 3420
1390 3410
1390 3400
1390 3390
1390 3380
1390 3360
1390 3370
1390 3350
1390 3340
1390 3330
1390 3320
1390 3310
1390 3300
1390 3290
1390 3280
1390 3260
1390 3270
1390 3250
1390 3240
1390 3230
1390 3220
1390 3210
1390 3200
1390 3190
1390 3180
1390 3160
1390 3170
1390 3150
1390 3140
1390 3130
1390 3120
1390 3110
1390 3100
1390 3090
1390 3080
1390 3060
1390 3070
1390 3050
1390 3040
1390 3030
1390 3020
1390 3010
1390 3000
1390 2990
1390 2980
1390 2960
1390 2970
1390 2950
1390 2940
1390 2930
1390 2920
1390 2910
1390 2900
1390 2890
1390 2880
1390 2860
1390 2870
1390 2850
1390 2840
1390 2830
1390 2820
1390 2810
1390 2800
1390 2790
1390 2780
1390 2760
1390 2770
1390 2750
1390 2740
1390 2730
1390 2720
1390 2710
1390 2700
1390 2690
1390 2680
1390 2660
1390 2670
1390 2650
1390 2640
1390 2630
1390 2620
1390 2610
1390 2600
1390 2590
1390 2580
1390 2560
1390 2570
1390 2550
1390 2540
1390 2530
1390 2520
1390 2510
1390 2500
1390 2490
1390 2480
1390 2460
1390 2470
1390 2450
1390 2440
1390 2430
1390 2420
1390 2410
1390 2400
1390 2390
1390 2380
1390 2360
1390 2370
1390 2350
1390 2340
1390 2330
1390 2320
1390 2310
1390 2300
1390 2290
1390 2280
1390 2260
1390 2270
1390 2250
1390 2240
1390 2230
1390 2220
1390 2210
1390 2200
0 3990
0 3890
0 3880
0 3860
0 3870
0 3850
0 3840
0 3830
0 3820
0 3810
0 3800
0 3790
0 3780
0 3760
0 3770
0 3750
0 3740
0 3730
0 3720
0 3710
0 3700
0 3690
0 3680
0 3660
0 3670
0 3650
0 3640
0 3630
0 3620
0 3610
0 3600
0 3590
0 3580
0 3560
0 3570
0 3550
0 3540
0 3530
0 3520
0 3510
0 3500
0 3490
0 3480
0 3460
0 3470
0 3450
0 3440
0 3430
0 3420
0 3410
0 3400
0 3390
0 3380
0 3360
0 3370
0 3350
0 3340
0 3330
0 3320
0 3310
0 3300
0 3290
0 3280
0 3260
0 3270
0 3250
0 3240
0 3230
0 3220
0 3210
0 3200
0 3190
0 3180
0 3160
0 3170
0 3150
0 3140
0 3130
0 3120
0 3110
0 3100
0 3090
0 3080
0 3060
0 3070
0 3050
0 3040
0 3030
0 3020
0 3010
0 3000
0 2990
0 2980
0 2960
0 2970
0 2950
0 2940
0 2930
0 2920
0 2910
0 2900
0 2890
0 2880
0 2860
0 2870
0 2850
0 2840
0 2830
0 2820
0 2810
0 2800
0 2790
0 2780
0 2760
0 2770
0 2750
0 2740
0 2730
0 2720
0 2710
0 2700
0 2690
0 2680
0 2660
0 2670
0 2650
0 2640
0 2630
0 2620
0 2610
0 2600
0 2590
0 2580
0 2560
0 2570
0 2550
0 2540
0 2530
0 2520
0 2510
0 2500
0 2490
0 2480
0 2460
0 2470
0 2450
0 2440
0 2430
0 2420
0 2410
0 2400
0 2390
0 2380
0 2360
0 2370
0 2350
0 2340
0 2330
0 2320
0 2310
0 2300
0 2290
0 2280
0 2260
0 2270
0 2250
0 2240
0 2230
0 2220
0 2210
0 2200
0 2190
0 2180
0 2160
0 2170
0 2150
0 2140
0 2130
0 2120
0 2110
0 2100
0 2090
0 2080
0 2060
0 2070
0 2050
0 2040
0 2030
0 2020
0 2010
0 2000
0 1990
0 1980
0 1960
0 1970
0 1950
0 1940
0 1930
0 1920
0 1910
0 1900
0 1890
0 1880
0 1860
0 1870
0 1850
0 1840
0 1830
0 1820
0 1810
0 1800
0 1790
0 1780
0 1760
0 1770
0 1750
0 1740
0 1730
0 1720
0 1710
0 1700
0 1690
0 1680
0 1660
0 1670
0 1650
0 1640
0 1630
0 1620
0 1610
0 1600
0 1590
0 1580
0 1560
0 1570
0 1550
0 1540
0 1530
0 1520
0 1510
0 1500
0 1490
0 1480
0 1460
0 1470
0 1450
0 1440
0 1430
0 1420
0 1410
0 1400
0 1390
0 1380
0 1360
0 1370
0 1350
0 1340
0 1330
0 1320
0 1310
0 1300
0 1290
0 1280
0 1260
0 1270
0 1250
0 1240
0 1230
0 1220
0 1210
0 1200
0 1190
0 1180
0 1160
0 1170
0 1150
0 1140
0 1130
0 1120
0 1110
0 1100
0 1090
0 1080
0 1060
0 1070
0 1050
0 1040
0 1030
0 1020
0 1010
0 1000
0 990
0 980
0 960
0 970
0 950
0 940
0 930
0 920
0 910
0 900
0 890
0 880
0 860
0 870
0 850
0 840
0 830
0 820
0 810
0 800
0 790
0 780
0 760
0 770
0 750
0 740
0 730
0 720
0 710
0 700
0 690
0 680
0 660
0 670
0 650
0 640
0 630
0 620
0 610
0 600
0 590
0 580
0 560
0 570
0 550
0 540
0 530
0 520
0 510
0 500
0 490
0 480
0 460
0 470
0 450
0 440
0 430
0 420
0 410
0 400
0 390
0 380
0 360
0 370
0 350
0 340
0 330
0 320
0 310
0 300
0 290
0 280
0 260
0 270
0 250
0 240
0 230
0 220
0 210
0 200
0 190
0 180
0 160
0 170
0 150
0 140
0 130
0 120
0 110
0 100
0 90
0 80
0 60
0 70
0 50
0 40
0 30
0 20
0 10
10 3990
20 3990
30 3990
40 3990
50 3990
60 3990
70 3990
80 3990
90 3990
100 3990
110 3990
120 3990
130 3990
140 3990
150 3990
160 3990
170 3990
180 3990
190 3990
200 3990
210 3990
220 3990
230 3990
240 3990
250 3990
260 3990
270 3990
280 3990
290 3990
300 3990
310 3990
320 3990
330 3990
340 3990
350 3990
360 3990
370 3990
380 3990
390 3990
400 3990
410 3990
420 3990
430 3990
440 3990
450 3990
460 3990
470 3990
480 3990
490 3990
500 3990
510 3990
520 3990
530 3990
540 3990
550 3990
560 3990
570 3990
580 3990
590 3990
600 3990
610 3990
620 3990
630 3990
640 3990
650 3990
660 3990
670 3990
680 3990
690 3990
700 3990
710 3990
720 3990
730 3990
740 3990
750 3990
760 3990
770 3990
780 3990
790 3990
800 3990
810 3990
820 3990
830 3990
840 3990
850 3990
860 3990
870 3990
880 3990
890 3990
900 3990
910 3990
920 3990
930 3990
940 3990
950 3990
960 3990
970 3990
980 3990
990 3990
1000 3990
1010 3990
1020 3990
1030 3990
1040 3990
1050 3990
1060 3990
1070 3990
1080 3990
1090 3990
1100 3990
1110 3990
1120 3990
1130 3990
1140 3990
1150 3990
1160 3990
1170 3990
1180 3990
1190 3990
1200 3990
1210 3990
1220 3990
1230 3990
1240 3990
1250 3990
1260 3990
1270 3990
1280 3990
1290 3990
1300 3990
1310 3990
1320 3990
1330 3990
1340 3990
1350 3990
1360 3990
1370 3990
1380 3990
1390 3990
1400 3990
1410 3990
1420 3990
1430 3990
1440 3990
1450 3990
1460 3990
1470 3990
1480 3990
1490 3990
1500 3990
1510 3990
1520 3990
1530 3990
1540 3990
1550 3990
1560 3990
1570 3990
1580 3990
1590 3990
1600 3990
1610 3990
1620 3990
1630 3990
1640 3990
1650 3990
1660 3990
1670 3990
1680 3990
1690 3990
1700 3990
1710 3990
1720 3990
1730 3990
1740 3990
1750 3990
1760 3990
1770 3990
1780 3990
1790 3990
1800 3990
1810 3990
1820 3990
1830 3990
1840 3990
1850 3990
1860 3990
1870 3990
1880 3990
1890 3990
1900 3990
1910 3990
1920 3990
1930 3990
1940 3990
1950 3990
1960 3990
1970 3990
1980 3990
1990 3990
2000 3990
2010 3990
2020 3990
2030 3990
2040 3990
2050 3990
2060 3990
2070 3990
2080 3990
2090 3990
2100 3990
2110 3990
2120 3990
2130 3990
2140 3990
2150 3990
2160 3990
2170 3990
2180 3990
2190 3990
2200 3990
2210 3990
2220 3990
2230 3990
2240 3990
2250 3990
2260 3990
2270 3990
2280 3990
2290 3990
2300 3990
2310 3990
2320 3990
2330 3990
2340 3990
2350 3990
2360 3990
2370 3990
2380 3990
2390 3990
2400 3990
2410 3990
2420 3990
2430 3990
2440 3990
2450 3990
2460 3990
2470 3990
2480 3990
2490 3990
2500 3990
2510 3990
2520 3990
2530 3990
2540 3990
2550 3990
2560 3990
2570 3990
2580 3990
2590 3990
2600 3990
2610 3990
2620 3990
2630 3990
2640 3990
2650 3990
2660 3990
2670 3990
2680 3990
2690 3990
2700 3990
2710 3990
2720 3990
2730 3990
2740 3990
2750 3990
2760 3990
2770 3990
2780 3990
2790 3990
2800 3990
2810 3990
2820 3990
2830 3990
2840 3990
2850 3990
2860 3990
2870 3990
2880 3990
2890 3990
2900 3990
2910 3990
2920 3990
2930 3990
2940 3990
2950 3990
2960 3990
2970 3990
2980 3990
2990 3990
3000 3990
3010 3990
3020 3990
3030 3990
3040 3990
3050 3990
3060 3990
3070 3990
3080 3990
3090 3990
3100 3990
3110 3990
3120 3990
3130 3990
3140 3990
3150 3990
3160 3990
3170 3990
3180 3990
3190 3990
3200 3990
3210 3990
3220 3990
3230 3990
3240 3990
3250 3990
3260 3990
3270 3990
3280 3990
3290 3990
3300 3990
3310 3990
3320 3990
3330 3990
3340 3990
3350 3990
3360 3990
3370 3990
3380 3990
3390 3990
3400 3990
3410 3990
3420 3990
3430 3990
3440 3990
3450 3990
3460 3990
3470 3990
3480 3990
3490 3990
3500 3990
3510 3990
3520 3990
3530 3990
3540 3990
3550 3990
3560 3990
3570 3990
3580 3990
3590 3990
3600 3990
3610 3990
3620 3990
3630 3990
3640 3990
3650 3990
3660 3990
3670 3990
3680 3990
3690 3990
3700 3990
3710 3990
3720 3990
3730 3990
3740 3990
3750 3990
3760 3990
3770 3990
3780 3990
3790 3990
3800 3990
3810 3990
3820 3990
3830 3990
3840 3990
3850 3990
3860 3990
3870 3990
3880 3990
3890 3990
3990 3990
3990 3890
3990 3880
3990 3860
3990 3870
3990 3850
3990 3840
3990 3830
3990 3820
3990 3810
3990 3800
3990 3790
3990 3780
3990 3760
3990 3770
3990 3750
3990 3740
3990 3730
3990 3720
3990 3710
3990 3700
3990 3690
3990 3680
3990 3660
3990 3670
3990 3650
3990 3640
3990 3630
3990 3620
3990 3610
3990 3600
3990 3590
3990 3580
3990 3560
3990 3570
3990 3550
3990 3540
3990 3530
3990 3520
3990 3510
3990 3500
3990 3490
3990 3480
3990 3460
3990 3470
3990 3450
3990 3440
3990 3430
3990 3420
3990 3410
3990 3400
3990 3390
3990 3380
3990 3360
3990 3370
3990 3350
3990 3340
3990 3330
3990 3320
3990 3310
3990 3300
3990 3290
3990 3280
3990 3260
3990 3270
3990 3250
3990 3240
3990 3230
3990 3220
3990 3210
3990 3200
3990 3190
3990 3180
3990 3160
3990 3170
3990 3150
3990 3140
3990 3130
3990 3120
3990 3110
3990 3100
3990 3090
3990 3080
3990 3060
3990 3070
3990 3050
3990 3040
3990 3030
3990 3020
3990 3010
3990 3000
3990 2990
3990 2980
3990 2960
3990 2970
3990 2950
3990 2940
3990 2930
3990 2920
3990 2910
3990 2900
3990 2890
3990 2880
3990 2860
3990 2870
3990 2850
3990 2840
3990 2830
3990 2820
3990 2810
3990 2800
3990 2790
3990 2780
3990 2760
3990 2770
3990 2750
3990 2740
3990 2730
3990 2720
3990 2710
3990 2700
3990 2690
3990 2680
3990 2660
3990 2670
3990 2650
3990 2640
3990 2630
3990 2620
3990 2610
3990 2600
3990 2590
3990 2580
3990 2560
3990 2570
3990 2550
3990 2540
3990 2530
3990 2520
3990 2510
3990 2500
3990 2490
3990 2480
3990 2460
3990 2470
3990 2450
3990 2440
3990 2430
3990 2420
3990 2410
3990 2400
3990 2390
3990 2380
3990 2360
3990 2370
3990 2350
3990 2340
3990 2330
3990 2320
3990 2310
3990 2300
3990 2290
3990 2280
3990 2260
3990 2270
3990 2250
3990 2240
3990 2230
3990 2220
3990 2210
3990 2200
3990 2190
3990 2180
3990 2160
3990 2170
3990 2150
3990 2140
3990 2130
3990 2120
3990 2110
3990 2100
3990 2090
3990 2080
3990 2060
3990 2070
3990 2050
3990 2040
3990 2030
3990 2020
3990 2010
3990 2000
3990 1990
3990 1980
3990 1960
3990 1970
3990 1950
3990 1940
3990 1930
3990 1920
3990 1910
3990 1900
3990 1890
3990 1880
3990 1860
3990 1870
3990 1850
3990 1840
3990 1830
3990 1820
3990 1810
3990 1800
3990 1790
3990 1780
3990 1760
3990 1770
3990 1750
3990 1740
3990 1730
3990 1720
3990 1710
3990 1700
3990 1690
3990 1680
3990 1660
3990 1670
3990 1650
3990 1640
3990 1630
3990 1620
3990 1610
3990 1600
3990 1590
3990 1580
3990 1560
3990 1570
3990 1550
3990 1540
3990 1530
3990 1520
3990 1510
3990 1500
3990 1490
3990 1480
3990 1460
3990 1470
3990 1450
3990 1440
3990 1430
3990 1420
3990 1410
3990 1400
3990 1390
3990 1380
3990 1360
3990 1370
3990 1350
3990 1340
3990 1330
3990 1320
3990 1310
3990 1300
3990 1290
3990 1280
3990 1260
3990 1270
3990 1250
3990 1240
3990 1230
3990 1220
3990 1210
3990 1200
3990 1190
3990 1180
3990 1160
3990 1170
3990 1150
3990 1140
3990 1130
3990 1120
3990 1110
3990 1100
3990 1090
3990 1080
3990 1060
3990 1070
3990 1050
3990 1040
3990 1030
3990 1020
3990 1010
3990 1000
3990 990
3990 980
3990 960
3990 970
3990 950
3990 940
3990 930
3990 920
3990 910
3990 900
3990 890
3990 880
3990 860
3990 870
3990 850
3990 840
3990 830
3990 820
3990 810
3990 800
3990 790
3990 780
3990 760
3990 770
3990 750
3990 740
3990 730
3990 720
3990 710
3990 700
3990 690
3990 680
3990 660
3990 670
3990 650
3990 640
3990 630
3990 620
3990 610
3990 600
3990 590
3990 580
3990 560
3990 570
3990 550
3990 540
3990 530
3990 520
3990 510
3990 500
3990 490
3990 480
3990 460
3990 470
3990 450
3990 440
3990 430
3990 420
3990 410
3990 400
3990 390
3990 380
3990 360
3990 370
3990 350
3990 340
3990 330
3990 320
3990 310
3990 300
3990 290
3990 280
3990 260
3990 270
3990 250
3990 240
3990 230
3990 220
3990 210
3990 200
3990 190
3990 180
3990 160
3990 170
3990 150
3990 140
3990 130
3990 120
3990 110
3990 100
3990 90
3990 80
3990 60
3990 70
3990 50
3990 40
3990 30
3990 20
3990 10
3990 0
3890 0
3830 0
3880 0
3870 0
3860 0
3850 0
3840 0
3820 0
3810 0
3800 0
3790 0
3780 0
3730 0
3770 0
3760 0
3750 0
3740 0
3720 0
3710 0
3700 0
3690 0
3680 0
3620 0
3670 0
3660 0
3650 0
3640 0
3630 0
3610 0
3600 0
3590 0
3580 0
3570 0
3520 0
3560 0
3550 0
3540 0
3530 0
3510 0
3500 0
3490 0
3480 0
3470 0
3410 0
3460 0
3450 0
3440 0
3430 0
3420 0
3400 0
3390 0
3380 0
3370 0
3360 0
3310 0
3350 0
3340 0
3330 0
3320 0
3300 0
3290 0
3280 0
3270 0
3260 0
3200 0
3250 0
3240 0
3230 0
3220 0
3210 0
3190 0
3180 0
3170 0
3160 0
3150 0
3100 0
3140 0
3130 0
3120 0
3110 0
3090 0
3080 0
3070 0
3060 0
3050 0
2990 0
3040 0
3030 0
3020 0
3010 0
3000 0
2980 0
2970 0
2960 0
2950 0
2940 0
2890 0
2930 0
2920 0
2910 0
2900 0
2880 0
2870 0
2860 0
2850 0
2840 0
2780 0
2830 0
2820 0
2810 0
2800 0
2790 0
2770 0
2760 0
2750 0
2740 0
2730 0
2680 0
2720 0
2710 0
2700 0
2690 0
2670 0
2660 0
2650 0
2640 0
2630 0
2570 0
2620 0
2610 0
2600 0
2590 0
2580 0
2560 0
2550 0
2540 0
2530 0
2520 0
2470 0
2510 0
2500 0
2490 0
2480 0
2460 0
2450 0
2440 0
2430 0
2420 0
2360 0
2410 0
2400 0
2390 0
2380 0
2370 0
2350 0
2340 0
2330 0
2320 0
2310 0
2260 0
2300 0
2290 0
2280 0
2270 0
2250 0
2240 0
2230 0
2220 0
2210 0
2150 0
2200 0
2190 0
2180 0
2170 0
2160 0
2140 0
2130 0
2120 0
2110 0
2100 0
2050 0
2090 0
2080 0
2070 0
2060 0
2040 0
2030 0
2020 0
2010 0
2000 0
1940 0
1990 0
1980 0
1970 0
1960 0
1950 0
1930 0
1920 0
1910 0
1900 0
1890 0
1840 0
1880 0
1870 0
1860 0
1850 0
1830 0
1820 0
1810 0
1800 0
1790 0
1730 0
1780 0
1770 0
1760 0
1750 0
1740 0
1720 0
1710 0
1700 0
1690 0
1680 0
1630 0
1670 0
1660 0
1650 0
1640 0
1620 0
1610 0
1600 0
1590 0
1580 0
1520 0
1570 0
1560 0
1550 0
1540 0
1530 0
1510 0
1500 0
1490 0
1480 0
1470 0
1420 0
1460 0
1450 0
1440 0
1430 0
1410 0
1400 0
1390 0
1380 0
1370 0
1310 0
1360 0
1350 0
1340 0
1330 0
1320 0
1300 0
1290 0
1280 0
1270 0
1260 0
1210 0
1250 0
1240 0
1230 0
1220 0
1200 0
1190 0
1180 0
1170 0
1160 0
1100 0
1150 0
1140 0
1130 0
1120 0
1110 0
1090 0
1080 0
1070 0
1060 0
1050 0
1000 0
1040 0
1030 0
1020 0
1010 0
990 0
980 0
970 0
960 0
950 0
890 0
940 0
930 0
920 0
910 0
900 0
880 0
870 0
860 0
850 0
840 0
790 0
830 0
820 0
810 0
800 0
780 0
770 0
760 0
750 0
740 0
680 0
730 0
720 0
710 0
700 0
690 0
670 0
660 0
650 0
640 0
630 0
580 0
620 0
610 0
600 0
590 0
570 0
560 0
550 0
540 0
530 0
470 0
520 0
510 0
500 0
490 0
480 0
460 0
450 0
440 0
430 0
420 0
370 0
410 0
400 0
390 0
380 0
360 0
350 0
340 0
330 0
320 0
260 0
310 0
300 0
290 0
280 0
270 0
250 0
240 0
230 0
220 0
210 0
160 0
200 0
190 0
180 0
170 0
150 0
140 0
130 0
120 0
110 0
50 0
100 0
90 0
80 0
70 0
60 0
40 0
30 0
20 0
10 0
0 0
